
2879 49 63
0 64 59
153 71 70
5 56 63
237 76 55
7 61 61
7 56 0
151 76 0
77 56 55
0 76 64
5 61 0
45 71 0
181 56 0
12 61 57
229 71 77
11 56 55
3 61 0
240 56 0
0 61 59
56 49 0
14 61 0
337 64 0
59 64 57
0 71 0
9 47 68
20 76 0
165 54 56
5 71 66
186 76 63
2 54 0
2 59 67
142 76 0
14 71 0
77 54 61
2 76 55
5 59 0
240 59 68
18 54 0
203 71 70
14 59 0
2 54 65
246 59 75
4 54 0
50 47 0
34 59 0
207 64 0
137 71 0
42 45 68
1 64 59
10 76 0
217 52 73
7 71 64
220 76 66
5 57 64
39 52 0
15 71 0
124 76 0
60 52 75
0 57 0
0 76 66
242 57 63
30 52 0
194 71 70
18 52 67
10 57 0
235 57 67
30 52 0
18 45 0
30 57 0
349 64 0
39 47 68
9 71 0
1 64 63
3 76 0
222 54 61
13 71 64
211 54 0
9 59 71
3 76 62
88 71 0
82 76 0
67 54 57
2 76 68
1 59 0
244 59 71
10 54 0
211 71 51
4 59 0
10 54 71
243 59 71
392 59 0
1 64 0
21 54 0
1 47 0
5 76 0
29 49 63
0 64 59
8 71 0
153 71 70
5 56 63
237 76 55
7 61 61
7 56 0
151 76 0
77 56 55
0 76 64
5 61 0
45 71 0
181 56 0
12 61 57
229 71 77
11 56 55
3 61 0
240 56 0
0 61 59
56 49 0
14 61 0
337 64 0
59 64 57
0 71 0
9 47 68
20 76 0
165 54 56
5 71 66
186 76 63
2 54 0
2 59 67
142 76 0
14 71 0
77 54 61
2 76 55
5 59 0
240 59 68
18 54 0
203 71 70
14 59 0
2 54 65
246 59 75
4 54 0
50 47 0
34 59 0
207 64 0
137 71 0
42 45 68
1 64 59
10 76 0
217 52 73
7 71 64
220 76 66
5 57 64
39 52 0
15 71 0
124 76 0
60 52 75
0 57 0
0 76 66
242 57 63
30 52 0
194 71 70
18 52 67
10 57 0
235 57 67
30 52 0
18 45 0
30 57 0
349 64 0
39 47 68
9 71 0
1 64 63
3 76 0
222 54 61
13 71 64
211 54 0
9 59 71
3 76 62
88 71 0
82 76 0
67 54 57
2 76 68
1 59 0
244 59 71
10 54 0
211 71 51
4 59 0
10 54 71
243 59 71
392 59 0
1 64 0
21 54 0
1 47 0
5 76 0
19 40 61
0 54 55
18 71 0
212 56 55
240 52 58
0 59 75
240 64 58
126 52 0
139 54 0
196 56 0
19 52 52
0 54 44
84 59 0
145 59 71
446 40 0
22 52 0
3 54 0
0 59 0
0 52 51
0 54 30
0 59 73
0 63 67
8 64 0
380 63 0
7 59 0
83 54 0
2 59 67
0 64 61
109 59 0
131 59 71
105 59 0
375 59 68
240 54 38
48 59 0
171 59 63
180 52 0
30 54 0
0 59 0
0 64 0
30 52 57
0 63 63
14 57 59
175 63 0
65 59 50
0 64 58
204 64 0
36 64 67
16 57 0
23 59 0
201 57 63
224 57 0
16 59 49
240 57 54
145 52 0
95 52 60
126 64 0
30 52 0
0 59 0
30 52 66
0 57 0
0 64 71
104 56 36
240 59 66
28 64 0
128 56 0
33 52 0
51 64 53
4 59 0
174 64 0
62 47 50
0 63 50
236 51 35
52 54 45
41 59 52
219 47 0
12 63 0
9 52 67
0 64 50
9 59 0
6 51 0
15 54 0
210 56 57
165 59 62
114 64 0
121 59 0
5 64 53
51 56 0
124 64 0
65 59 71
0 64 68
70 52 0
34 59 0
136 56 62
235 56 0
5 59 62
235 59 0
5 52 64
164 64 0
52 54 55
0 63 59
16 52 0
224 59 75
146 63 0
44 64 55
184 64 0
56 64 67
190 59 0
13 54 0
277 59 73
61 64 0
179 54 59
14 59 0
226 59 64
94 59 0
30 45 69
0 54 0
0 64 73
131 57 57
334 64 0
66 57 0
80 57 55
0 64 67
108 57 0
116 57 55
199 64 0
155 57 0
126 57 59
0 64 63
20 45 0
177 45 51
231 59 57
98 64 0
55 59 0
87 61 46
145 61 0
95 64 71
171 64 0
69 69 86
220 69 0
20 71 94
10 73 68
8 71 0
403 45 0
5 57 0
64 40 61
0 54 55
3 73 0
209 56 55
240 52 58
0 59 75
240 64 58
126 52 0
139 54 0
196 56 0
19 52 52
0 54 44
84 59 0
145 59 71
446 40 0
22 52 0
3 54 0
0 59 0
0 52 51
0 54 30
0 59 73
0 63 67
8 64 0
380 63 0
7 59 0
83 54 0
2 59 67
0 64 61
109 59 0
131 59 71
105 59 0
375 59 68
240 54 38
48 59 0
171 59 63
180 52 0
30 54 0
0 59 0
0 64 0
30 52 57
0 63 63
14 57 59
175 63 0
65 59 50
0 64 58
204 64 0
36 64 67
16 57 0
23 59 0
201 57 63
224 57 0
16 59 49
240 57 54
145 52 0
95 52 60
126 64 0
30 52 0
0 59 0
30 52 66
0 57 0
0 64 71
104 56 36
240 59 66
28 64 0
128 56 0
33 52 0
51 64 53
4 59 0
174 64 0
62 47 50
0 63 50
236 51 35
52 54 45
41 59 52
219 47 0
12 63 0
9 52 67
0 64 50
9 59 0
6 51 0
15 54 0
210 56 57
165 59 62
114 64 0
121 59 0
5 64 53
51 56 0
124 64 0
65 59 71
0 64 68
70 52 0
34 59 0
136 56 62
235 56 0
5 59 62
235 59 0
5 52 64
164 64 0
52 54 55
0 63 59
16 52 0
224 59 75
146 63 0
44 64 55
184 64 0
56 64 67
190 59 0
13 54 0
277 59 73
61 64 0
179 54 59
14 59 0
226 59 64
94 59 0
30 45 69
0 54 0
0 64 73
131 57 57
334 64 0
66 57 0
80 57 55
0 64 67
108 57 0
116 57 55
199 64 0
155 57 0
126 57 59
0 64 63
20 45 0
177 45 51
329 64 0
421 45 0
5 57 0
64 61 66
0 64 66
0 68 66
1816 61 0
48 64 0
19 68 0
36 59 71
5 63 71
0 66 71
1737 63 0
29 59 0
168 61 71
1 64 68
1 57 68
5 66 0
1724 61 0
29 57 0
96 64 0
55 66 73
4 63 61
1 59 64
1851 59 0
5 63 0
1 66 0
87 80 73
5 76 81
1 73 59
4 61 55
887 80 0
14 73 0
9 76 0
31 78 71
6 75 73
470 78 0
1 75 0
7 76 75
15 73 65
410 73 0
7 76 0
6 61 0
18 78 57
1 71 63
8 75 64
1687 71 0
68 75 0
106 78 0
56 76 70
5 71 67
1 73 51
2739 71 0
0 73 0
0 76 0
126 75 63
3 71 77
2 78 76
942 78 0
2 71 0
0 75 0
5 61 66
0 64 66
0 68 66
1816 61 0
48 64 0
19 68 0
36 59 71
5 63 71
0 66 71
1737 63 0
29 59 0
168 61 71
1 64 68
1 57 68
5 66 0
1724 61 0
29 57 0
96 64 0
55 66 73
4 63 61
1 59 64
1851 59 0
5 63 0
1 66 0
87 80 73
5 76 81
1 73 59
4 61 55
887 80 0
14 73 0
9 76 0
31 78 71
6 75 73
470 78 0
1 75 0
7 76 75
15 73 65
410 73 0
7 76 0
6 61 0
18 78 57
1 71 63
8 75 64
1687 71 0
68 75 0
106 78 0
56 76 70
5 71 67
1 73 51
1899 71 0
0 73 0
0 76 0
33 64 66
3 59 71
2 54 80
937 64 0
15 63 53
869 54 0
9 63 0
2 59 0
60 49 63
0 64 59
153 71 70
5 56 63
237 76 55
7 61 61
7 56 0
151 76 0
77 56 55
0 76 64
5 61 0
45 71 0
181 56 0
12 61 57
229 71 77
11 56 55
3 61 0
240 56 0
0 61 59
56 49 0
14 61 0
337 64 0
59 64 57
0 71 0
9 47 68
20 76 0
165 54 56
5 71 66
186 76 63
2 54 0
2 59 67
142 76 0
14 71 0
77 54 61
2 76 55
5 59 0
240 59 68
18 54 0
203 71 70
14 59 0
2 54 65
246 59 75
4 54 0
50 47 0
34 59 0
207 64 0
137 71 0
42 45 68
1 64 59
10 76 0
217 52 73
7 71 64
220 76 66
5 57 64
39 52 0
15 71 0
124 76 0
60 52 75
0 57 0
0 76 66
242 57 63
30 52 0
194 71 70
18 52 67
10 57 0
235 57 67
30 52 0
18 45 0
30 57 0
349 64 0
39 47 68
9 71 0
1 64 63
3 76 0
222 54 61
13 71 64
211 54 0
9 59 71
3 76 62
88 71 0
82 76 0
67 54 57
2 76 68
1 59 0
244 59 71
10 54 0
211 71 51
4 59 0
10 54 71
243 59 71
392 59 0
1 64 0
21 54 0
1 47 0
5 76 0
19 40 71
0 54 65
18 71 0
212 56 65
240 52 68
0 59 85
240 64 68
126 52 0
139 54 0
196 56 0
19 52 62
0 54 54
84 59 0
145 59 81
446 40 0
22 52 0
3 54 0
0 59 0
0 52 61
0 54 40
0 59 83
0 63 77
8 64 0
380 63 0
7 59 0
83 54 0
2 59 77
0 64 71
109 59 0
131 59 81
105 59 0
375 59 78
240 54 48
48 59 0
171 59 73
180 52 0
30 54 0
0 59 0
0 64 0
30 52 67
0 63 73
14 57 69
175 63 0
65 59 60
0 64 68
204 64 0
36 64 77
16 57 0
23 59 0
201 57 73
224 57 0
16 59 59
240 57 64
145 52 0
95 52 70
126 64 0
30 52 0
0 59 0
30 52 76
0 57 0
0 64 81
104 56 46
240 59 76
28 64 0
128 56 0
33 52 0
51 64 63
4 59 0
174 64 0
62 47 60
0 63 60
236 51 45
52 54 55
41 59 62
219 47 0
12 63 0
9 52 77
0 64 60
9 59 0
6 51 0
15 54 0
210 56 67
165 59 72
114 64 0
121 59 0
5 64 63
51 56 0
124 64 0
65 59 81
0 64 78
70 52 0
34 59 0
136 56 72
235 56 0
5 59 72
235 59 0
5 52 74
164 64 0
52 54 65
0 63 69
16 52 0
224 59 85
146 63 0
44 64 65
184 64 0
56 64 77
190 59 0
13 54 0
277 59 83
61 64 0
179 54 69
14 59 0
226 59 74
94 59 0
30 45 79
0 54 0
0 64 83
131 57 67
334 64 0
66 57 0
80 57 65
0 64 77
108 57 0
116 57 65
199 64 0
155 57 0
126 57 69
0 64 73
20 45 0
177 45 61
329 64 0
421 45 0
5 57 0
64 40 71
0 54 65
212 56 65
240 52 68
0 59 85
240 64 68
126 52 0
139 54 0
196 56 0
19 52 62
0 54 54
84 59 0
145 59 81
446 40 0
22 52 0
3 54 0
0 59 0
0 52 61
0 54 40
0 59 83
0 63 77
8 64 0
380 63 0
7 59 0
83 54 0
2 59 77
0 64 71
109 59 0
131 59 81
105 59 0
375 59 78
240 54 48
48 59 0
171 59 73
180 52 0
30 54 0
0 59 0
0 64 0
30 52 67
0 63 73
14 57 69
175 63 0
65 59 60
0 64 68
204 64 0
36 64 77
16 57 0
23 59 0
201 57 73
224 57 0
16 59 59
240 57 64
145 52 0
95 52 70
126 64 0
30 52 0
0 59 0
30 52 76
0 57 0
0 64 81
104 56 46
240 59 76
28 64 0
128 56 0
33 52 0
51 64 63
4 59 0
174 64 0
62 48 60
0 63 60
236 51 45
52 56 55
41 60 62
219 48 0
12 63 0
18 60 0
6 51 0
15 56 0
8 80 83
5 76 91
1 73 69
4 61 65
887 80 0
14 73 0
9 76 0
31 78 81
6 75 83
470 78 0
1 75 0
7 76 85
15 73 75
410 73 0
7 76 0
6 61 0
18 78 67
1 71 73
8 75 74
1687 71 0
68 75 0
106 78 0
56 76 80
5 71 77
1 73 61
2739 71 0
0 73 0
0 76 0
126 75 73
3 71 87
2 78 86
942 78 0
2 71 0
0 75 0
5 61 76
0 64 76
0 68 76
1816 61 0
48 64 0
19 68 0
36 59 81
5 63 81
0 66 81
1737 63 0
29 59 0
168 61 81
1 64 78
1 57 78
5 66 0
1724 61 0
29 57 0
96 64 0
55 66 83
4 63 71
1 59 74
1851 59 0
5 63 0
1 66 0
87 80 83
5 76 91
1 73 69
4 61 65
887 80 0
14 73 0
9 76 0
31 78 81
6 75 83
470 78 0
1 75 0
7 76 85
15 73 75
410 73 0
7 76 0
6 61 0
18 78 67
1 71 73
8 75 74
1687 71 0
68 75 0
106 78 0
56 76 80
5 71 77
1 73 61
1899 71 0
0 73 0
0 76 0
33 64 76
3 59 81
2 54 90
937 64 0
15 63 63
869 54 0
9 63 0
2 59 0
50 61 76
0 64 76
0 68 76
1816 61 0
48 64 0
19 68 0
36 59 81
5 63 81
0 66 81
1737 63 0
29 59 0
168 61 81
1 64 78
1 57 78
5 66 0
1724 61 0
29 57 0
96 64 0
55 66 83
4 63 71
1 59 74
1851 59 0
5 63 0
1 66 0
87 80 83
5 76 91
1 73 69
4 61 65
887 80 0
14 73 0
9 76 0
31 78 81
6 75 83
470 78 0
1 75 0
7 76 85
15 73 75
410 73 0
7 76 0
6 61 0
18 78 67
1 71 73
8 75 74
1687 71 0
68 75 0
106 78 0
56 76 80
5 71 77
1 73 61
1899 71 0
0 73 0
0 76 0
33 64 76
3 59 81
2 54 90
937 64 0
15 63 63
869 54 0
9 63 0
2 59 0
60 49 63
0 64 59
153 71 70
5 56 63
237 76 55
7 61 61
7 56 0
151 76 0
77 56 55
0 76 64
5 61 0
45 71 0
181 56 0
12 61 57
229 71 77
11 56 55
3 61 0
240 56 0
0 61 59
56 49 0
14 61 0
337 64 0
59 64 57
0 71 0
9 47 68
20 76 0
165 54 56
5 71 66
186 76 63
2 54 0
2 59 67
142 76 0
14 71 0
77 54 61
2 76 55
5 59 0
240 59 68
18 54 0
203 71 70
14 59 0
2 54 65
246 59 75
4 54 0
50 47 0
34 59 0
207 64 0
137 71 0
42 45 68
1 64 59
10 76 0
217 52 73
7 71 64
220 76 66
5 57 64
39 52 0
15 71 0
124 76 0
60 52 75
0 57 0
0 76 66
242 57 63
30 52 0
194 71 70
18 52 67
10 57 0
235 57 67
30 52 0
18 45 0
30 57 0
349 64 0
39 47 68
9 71 0
1 64 63
3 76 0
222 54 61
13 71 64
211 54 0
9 59 71
3 76 62
88 71 0
82 76 0
67 54 57
2 76 68
1 59 0
244 59 71
10 54 0
211 71 51
4 59 0
10 54 71
243 59 71
392 59 0
1 64 0
21 54 0
1 47 0
5 76 0
29 49 63
0 64 59
8 71 0
153 71 70
5 56 63
237 76 55
7 61 61
7 56 0
151 76 0
77 56 55
0 76 64
5 61 0
45 71 0
181 56 0
12 61 57
229 71 77
11 56 55
3 61 0
240 56 0
0 61 59
56 49 0
14 61 0
337 64 0
59 64 57
0 71 0
9 47 68
20 76 0
165 54 56
5 71 66
186 76 63
2 54 0
2 59 67
142 76 0
14 71 0
77 54 61
2 76 55
5 59 0
240 59 68
18 54 0
203 71 70
14 59 0
2 54 65
246 59 75
4 54 0
50 47 0
34 59 0
207 64 0
137 71 0
42 45 68
1 64 59
10 76 0
217 52 73
7 71 64
220 76 66
5 57 64
39 52 0
15 71 0
124 76 0
60 52 75
0 57 0
0 76 66
242 57 63
30 52 0
194 71 70
18 52 67
10 57 0
210 64 0
0 71 0
0 76 0
12 66 75
0 71 75
13 57 67
30 52 0
18 45 0
30 57 0
382 71 0
6 47 68
1 68 63
0 71 51
5 66 0
4 64 63
225 54 61
211 54 0
9 59 71
3 76 62
170 76 0
67 54 57
2 76 68
1 59 0
244 59 71
10 54 0
215 59 0
10 54 71
243 59 71
319 71 0
65 68 0
8 59 0
1 64 0
21 54 0
1 47 0
5 76 0
19 65 86
0 68 86
0 72 86
1816 65 0
48 68 0
19 72 0
36 63 91
5 67 91
0 70 91
1737 67 0
29 63 0
168 65 91
1 68 88
1 61 88
5 70 0
1724 65 0
29 61 0
96 68 0
55 70 93
4 67 81
1 63 84
1851 63 0
5 67 0
1 70 0
87 72 93
5 68 101
1 65 79
4 53 75
887 72 0
14 65 0
9 68 0
31 70 91
6 67 93
470 70 0
1 67 0
7 68 95
15 65 85
410 65 0
7 68 0
6 53 0
18 70 77
1 63 83
8 67 84
1687 63 0
68 67 0
106 70 0
30 63 71
0 65 97
4 56 68
976 61 68
12 63 0
862 56 0
11 61 0
4 65 0
95 68 86
3 63 91
2 58 100
922 70 73
15 68 0
863 70 0
21 58 0
11 63 0
50 65 86
0 68 86
0 72 86
1816 65 0
48 68 0
19 72 0
36 63 91
5 67 91
0 70 91
1737 67 0
29 63 0
168 65 91
1 68 88
1 61 88
5 70 0
1724 65 0
29 61 0
96 68 0
55 70 93
4 67 81
1 63 84
1851 63 0
5 67 0
1 70 0
87 72 93
5 68 101
1 65 79
4 53 75
887 72 0
14 65 0
9 68 0
31 70 91
6 67 93
470 70 0
1 67 0
7 68 95
15 65 85
410 65 0
7 68 0
6 53 0
18 70 77
1 63 83
8 67 84
1687 63 0
68 67 0
106 70 0
30 63 71
0 65 97
4 56 68
976 61 68
12 63 0
862 56 0
11 61 0
4 65 0
95 68 86
3 63 91
2 58 100
922 70 73
15 68 0
863 70 0
21 58 0
11 63 0
50 56 59
0 68 80
290 56 0
111 60 81
0 68 0
0 75 73
166 60 0
74 63 65
0 68 71
175 75 0
145 63 0
160 60 83
0 75 68
155 60 0
389 68 0
39 75 0
10 58 68
0 70 76
156 58 0
170 63 63
0 75 73
11 70 0
133 63 0
96 58 63
0 70 68
11 75 0
168 58 0
61 75 71
240 63 63
80 70 0
80 63 0
80 70 71
240 58 83
151 70 0
4 75 0
50 58 0
27 56 47
0 68 65
136 61 65
21 56 0
217 61 0
2 65 81
0 68 0
0 75 71
216 65 0
24 61 65
0 68 68
193 61 0
220 68 0
67 65 88
0 68 71
118 65 0
362 61 61
42 68 0
53 75 0
36 61 0
11 58 53
220 63 43
244 67 88
19 63 0
146 63 51
6 67 0
205 63 0
34 68 76
228 63 55
232 68 0
20 70 73
228 70 0
79 56 59
0 68 80
1 58 0
0 63 0
290 56 0
111 60 81
0 68 0
0 75 73
166 60 0
74 63 65
0 68 71
175 75 0
145 63 0
160 60 83
0 75 68
155 60 0
389 68 0
39 75 0
10 58 68
0 70 76
156 58 0
170 63 63
0 75 73
11 70 0
133 63 0
96 58 63
0 70 68
11 75 0
168 58 0
61 75 71
240 63 63
80 70 0
80 63 0
80 70 71
240 58 83
151 70 0
4 75 0
50 58 0
27 56 47
0 68 65
136 61 65
21 56 0
217 61 0
2 68 0
0 75 71
240 63 81
0 68 68
216 63 0
24 61 65
173 68 0
20 61 0
47 68 71
240 63 73
42 68 0
53 75 0
25 63 0
12 53 53
0 56 53
0 61 43
0 63 55
0 68 55
307 53 0
0 56 0
0 61 0
0 63 0
0 68 0
3840 58 59
30 44 59
10 60 59
9 56 59
32 63 57
14 51 57
2323 56 0
232 56 49
268 68 50
1401 44 0
5 51 0
9 63 0
3 56 0
0 58 0
17 60 0
0 68 0

32620 47 62
480 40 59
3 47 0
1641 40 0
36 40 62
238 47 61
7 40 0
1913 47 0
2 45 59
1644 45 0
36 45 62
238 47 61
7 45 0
1913 47 0
2 52 61
1918 47 61
2 52 0
1918 47 0
2 45 59
1644 45 0
36 45 62
238 45 0
0 45 61
1920 45 0
2 49 59
1644 49 0
36 49 46
120 49 0
118 47 61
1657 47 0
24 47 46
207 47 0
34 45 59
1644 45 0
36 45 51
195 45 0
43 47 59
1643 47 0
38 47 51
195 47 0
46 49 59
1644 49 0
36 49 46
238 47 61
7 49 0
1913 47 0
2 45 59
1644 45 0
36 45 51
238 45 0
0 45 61
1187 45 0
14 47 44
237 47 0
4 47 56
238 47 0
1 47 44
237 47 0
4 49 59
1644 49 0
36 49 46
120 49 0
118 47 61
1657 47 0
24 47 46
207 47 0
34 45 59
1644 45 0
36 45 51
195 45 0
43 47 59
1643 47 0
38 47 51
195 47 0
46 49 59
1644 49 0
36 49 46
238 44 61
7 49 0
1913 44 0
2 45 59
1644 45 0
36 45 51
238 45 0
0 47 61
1912 47 0
7690 40 89
1644 40 0
36 40 92
238 47 91
7 40 0
1913 47 0
2 45 89
1644 45 0
36 45 92
238 47 91
7 45 0
953 47 0
2 35 91
480 35 0
0 47 91
480 40 91
0 47 0
1560 40 0
120 40 92
238 35 91
7 40 0
1913 35 0
2 45 89
708 45 0
10 45 86
237 45 0
4 45 89
707 45 0
14 52 86
238 45 91
0 52 0
1920 45 0
2 52 89
1644 52 0
36 52 92
238 47 91
7 52 0
1663 47 0
11 47 92
241 45 89
4 47 0
714 45 0
0 45 89
932 45 0
30 45 92
238 47 91
7 45 0
953 47 0
2 48 91
668 48 0
51 48 91
240 48 0
1 49 89
715 49 0
3 49 86
228 49 0
13 49 89
677 49 0
44 49 76
216 49 0
22 44 89
1643 44 0
38 44 81
237 44 0
4 45 89
715 45 0
3 45 86
916 45 0
46 45 81
238 45 0
0 45 91
1915 45 0
7 37 76
1644 37 0
36 37 71
120 37 0
118 35 78
1657 35 0
24 47 76
207 47 0
34 45 89
1644 45 0
36 45 81
195 45 0
43 47 89
1431 47 0
11 47 81
433 47 0
47 49 89
1644 49 0
36 49 76
238 47 91
7 49 0
1420 47 0
15 47 81
433 47 0
47 45 89
1644 45 0
36 45 81
238 45 0
0 45 91
682 45 0
40 45 81
188 45 0
52 47 91
480 35 91
0 47 0
480 35 0
0 49 86
1644 49 0
36 49 76
120 49 0
118 47 86
1657 47 0
24 47 76
207 47 0
34 45 89
1644 45 0
36 45 81
195 45 0
43 47 89
1631 47 0
50 47 81
145 47 0
96 49 89
1644 49 0
36 49 76
238 44 89
7 49 0
1636 44 0
38 44 76
241 45 89
4 44 0
1640 45 0
36 45 81
238 45 0
0 47 91
682 47 0
40 47 81
188 47 0
52 35 91
480 35 0
0 47 91
480 47 0
15360 41 101
708 41 0
10 41 101
882 41 0
80 41 81
208 41 0
30 39 93
1657 39 0
24 39 86
207 39 0
34 37 99
1644 37 0
36 37 91
195 37 0
43 39 99
1431 39 0
11 39 91
433 39 0
47 41 101
708 41 0
10 41 101
882 41 0
80 41 81
208 41 0
30 39 99
1643 39 0
38 39 91
237 39 0
4 37 99
1644 37 0
36 37 91
238 37 0
0 39 101
682 39 0
40 39 91
188 39 0
52 39 101
468 39 0
12 39 101
480 39 0
0 41 101
708 41 0
10 41 101
882 41 0
80 41 81
208 41 0
30 39 93
1657 39 0
24 39 86
207 39 0
34 37 99
1644 37 0
36 37 91
195 37 0
43 39 99
1431 39 0
11 39 91
433 39 0
47 41 101
708 41 0
10 41 101
882 41 0
80 41 81
208 41 0
30 39 99
1643 39 0
38 39 91
237 39 0
4 37 99
1644 37 0
36 37 91
238 37 0
0 39 101
682 39 0
40 39 91
188 39 0
52 39 101
468 39 0
12 39 101
480 39 0
0 44 101
7680 44 0

465 64 79
436 64 0
44 63 76
238 63 0
2 66 71
240 64 69
25 66 0
106 64 0
35 64 59
1136 64 0
304 64 57
163 64 0
29 64 61
186 64 0
54 64 76
116 64 0
364 64 68
284 64 0
6 59 68
240 64 64
422 59 0
40 59 68
81 64 0
36 59 0
29 57 58
171 57 0
69 59 58
0 64 64
114 64 0
7 59 0
119 59 63
0 64 58
1110 59 0
3 64 0
24 47 66
177 54 53
240 59 70
240 64 70
56 64 0
4 63 61
475 63 0
5 40 60
3 59 0
13 47 0
5 54 0
50 47 57
58 52 56
104 56 66
1681 47 0
7 40 0
0 52 0
0 56 0
2 57 54
186 57 0
54 59 71
159 59 0
81 61 50
120 61 0
120 64 66
144 64 0
96 69 81
183 69 0
57 71 86
201 71 0
39 73 78
240 75 83
106 73 0
134 76 83
6 75 0
1518 76 0
156 68 83
224 68 0
16 52 53
0 54 41
0 59 68
0 66 71
203 59 0
37 59 66
664 59 0
56 59 64
200 59 0
220 59 59
166 59 0
21 59 59
189 66 0
9 54 0
5 59 0
33 52 0
4 52 50
0 54 33
0 59 62
82 59 0
162 59 61
161 59 0
79 59 68
114 59 0
366 59 60
78 59 0
21 59 52
219 52 0
4 59 0
17 52 57
14 54 0
226 56 49
78 52 0
56 59 67
21 56 0
188 59 0
31 56 57
24 54 59
9 56 0
231 47 67
60 54 0
180 52 61
240 54 59
240 59 66
3 54 0
11 52 0
7 47 0
49 59 0
50 56 46
225 56 0
15 59 60
206 59 0
34 64 53
226 64 0
14 59 60
480 52 64
51 59 0
189 56 42
236 54 50
16 52 0
9 56 0
215 59 51
171 59 0
215 59 54
128 59 0
40 59 53
275 54 0
205 54 43
223 59 0
12 54 0
5 52 55
240 57 73
240 59 57
77 64 60
63 52 0
177 52 63
253 52 0
36 52 67
185 52 0
55 52 53
204 52 0
12 57 0
0 59 0
19 64 0
5 52 52
0 59 57
1893 52 0
7 59 0
46 52 66
4 64 57
4 56 49
6 61 47
1689 56 0
52 64 0
29 61 0
11 52 0
99 52 57
33 54 38
2 59 70
4 63 35
395 52 0
46 52 54
180 52 0
78 52 56
922 52 0
244 54 0
0 59 0
5 63 0
20 59 66
1 49 47
8 52 62
1721 49 0
40 52 0
95 59 0
12 47 49
29 63 66
246 54 37
157 63 0
101 59 62
464 64 64
473 63 57
5 64 0
453 54 0
10 63 0
2 47 0
5 59 0
17 64 63
3 52 59
245 56 44
7 64 0
240 61 49
222 64 70
244 66 63
49 64 0
437 64 63
405 61 0
5 64 0
6 56 0
4 66 0
3 52 0
51 59 57
7 54 43
3 63 38
156 54 0
75 54 39
144 54 0
102 54 51
234 52 59
1156 54 0
10 59 0
0 63 0
5 52 0
19 52 48
6 59 64
13 61 34
99 64 53
3637 61 0
43 59 0
10 52 0
2 64 0
56 52 66
4 64 57
4 56 49
6 61 47
1689 56 0
52 64 0
29 61 0
11 52 0
99 52 57
33 54 38
2 59 70
4 63 35
395 52 0
46 52 54
180 52 0
78 52 56
922 52 0
244 54 0
0 59 0
5 63 0
20 59 66
1 49 47
8 52 62
222 57 66
0 59 0
231 57 0
9 59 66
231 59 0
9 64 70
1019 49 0
40 52 0
107 47 49
29 63 66
5 54 66
0 64 0
231 54 0
10 54 46
157 63 0
101 59 62
209 54 0
12 54 66
231 54 0
9 56 64
3 64 64
473 63 57
3 56 0
1 57 64
1 64 0
463 63 0
2 47 0
5 59 0
8 57 0
9 64 63
3 52 59
245 56 44
7 64 0
240 61 49
222 64 70
244 66 63
49 64 0
437 64 63
405 61 0
5 64 0
6 56 0
4 66 0
3 52 0
51 59 57
7 54 43
3 63 38
156 54 0
75 54 39
144 54 0
102 54 51
234 52 59
1156 54 0
10 59 0
0 63 0
5 52 0
19 52 48
6 59 64
13 61 34
99 64 53
1802 47 58
0 52 0
0 59 0
0 61 0
0 64 0
38 52 63
75 56 73
837 54 73
41 56 0
55 52 0
818 54 0
62 47 0
5514 64 53
216 64 0
0 64 81
166 64 0
74 63 69
203 63 0
37 59 79
198 59 0
42 64 81
228 64 0
252 63 84
210 63 0
30 59 87
109 59 0
371 76 93
1524 76 0
156 68 93
224 68 0
16 52 63
0 54 51
0 59 78
0 66 81
203 59 0
37 59 76
664 59 0
56 59 74
200 59 0
220 59 69
166 59 0
21 59 69
189 66 0
9 54 0
5 59 0
33 52 0
4 52 60
0 54 43
0 59 72
82 59 0
162 59 71
161 59 0
79 59 78
114 59 0
366 59 70
78 59 0
21 59 62
219 52 0
4 59 0
17 52 67
14 54 0
226 56 59
78 52 0
56 59 77
21 56 0
188 59 0
31 56 67
24 54 69
9 56 0
231 47 77
60 54 0
180 52 71
240 54 69
240 59 76
3 54 0
11 52 0
7 47 0
49 59 0
50 56 56
225 56 0
15 59 70
206 59 0
34 64 63
226 64 0
14 59 70
480 52 74
51 59 0
189 56 52
236 54 60
16 52 0
9 56 0
215 59 61
171 59 0
215 59 64
128 59 0
40 59 63
275 54 0
205 54 53
223 59 0
12 54 0
5 52 65
240 57 83
240 59 67
77 64 70
63 52 0
177 52 73
253 52 0
36 52 77
185 52 0
55 52 63
204 52 0
12 57 0
0 59 0
19 64 0
5 52 62
0 59 67
1893 52 0
7 59 0
20 76 93
1524 76 0
156 68 93
224 68 0
16 52 63
0 54 51
0 59 78
0 66 81
203 59 0
37 59 76
664 59 0
56 59 74
200 59 0
220 59 69
166 59 0
21 59 69
189 66 0
9 54 0
5 59 0
33 52 0
4 52 60
0 54 43
0 59 72
82 59 0
162 59 71
161 59 0
79 59 78
114 59 0
366 59 70
78 59 0
21 59 62
219 52 0
4 59 0
31 54 0
10 64 71
234 64 0
1 56 59
62 59 81
213 56 0
14 64 81
3 59 0
19 63 81
3 64 0
253 56 84
3 63 0
226 63 88
34 56 0
206 56 71
3 63 0
237 56 0
8 64 73
3 52 69
245 56 54
7 64 0
240 61 59
222 64 80
244 66 73
49 64 0
437 64 73
405 61 0
5 64 0
6 56 0
4 66 0
3 52 0
42 44 65
271 56 73
208 59 77
230 64 83
261 66 59
370 64 0
118 64 81
202 44 0
228 56 0
22 66 0
4 59 0
0 64 0
6 59 79
240 64 80
218 64 0
22 63 81
214 63 0
26 64 82
411 64 0
69 64 84
240 63 85
1 64 0
207 63 0
32 64 86
170 59 0
70 59 87
38 64 0
202 64 88
234 64 0
6 63 89
219 63 0
21 64 90
116 59 0
124 59 91
178 64 0
62 64 92
240 63 93
0 64 0
240 64 94
14 63 0
194 64 0
15 59 0
43 52 76
4 64 67
4 56 59
6 61 57
1689 56 0
52 64 0
29 61 0
11 52 0
99 52 67
33 54 48
2 59 80
4 63 45
395 52 0
46 52 64
180 52 0
78 52 66
922 52 0
244 54 0
0 59 0
5 63 0
20 59 76
1 49 57
8 52 72
222 57 76
0 59 0
231 57 0
9 59 76
231 59 0
9 64 80
1019 49 0
40 52 0
107 47 59
29 63 76
5 54 76
0 64 0
231 54 0
10 54 56
157 63 0
101 59 72
209 54 0
12 54 76
231 54 0
9 56 74
3 64 74
473 63 67
3 56 0
1 57 74
1 64 0
463 63 0
2 47 0
5 59 0
8 57 0
9 64 73
3 52 69
245 56 54
7 64 0
240 61 59
222 64 80
244 66 73
49 64 0
437 64 73
405 61 0
5 64 0
6 56 0
4 66 0
3 52 0
51 59 67
7 54 53
3 63 48
156 54 0
75 54 49
144 54 0
102 54 61
234 52 69
1156 54 0
10 59 0
0 63 0
5 52 0
19 52 58
6 59 74
13 61 44
99 64 63
1802 47 68
0 52 0
0 59 0
0 61 0
0 64 0
38 52 73
75 56 83
837 54 83
41 56 0
55 52 0
818 54 0
62 47 0
20 52 76
4 64 67
4 56 59
6 61 57
1689 56 0
52 64 0
29 61 0
11 52 0
99 52 67
33 54 48
2 59 80
4 63 45
395 52 0
46 52 64
180 52 0
78 52 66
922 52 0
244 54 0
0 59 0
5 63 0
20 59 76
1 49 57
8 52 72
222 57 76
0 59 0
231 57 0
9 59 76
231 59 0
9 64 80
1019 49 0
40 52 0
107 47 59
29 63 76
5 54 76
0 64 0
231 54 0
10 54 56
157 63 0
101 59 72
209 54 0
12 54 76
231 54 0
9 56 74
3 64 74
473 63 67
3 56 0
1 57 74
1 64 0
463 63 0
2 47 0
5 59 0
8 57 0
9 64 73
3 52 69
245 56 54
7 64 0
240 61 59
222 64 80
244 66 73
49 64 0
437 64 73
405 61 0
5 64 0
6 56 0
4 66 0
3 52 0
51 59 67
7 54 53
3 63 48
156 54 0
75 54 49
144 54 0
102 54 61
234 52 69
1156 54 0
10 59 0
0 63 0
5 52 0
19 52 58
6 59 74
13 61 44
99 64 63
1802 47 68
0 52 0
0 59 0
0 61 0
0 64 0
38 52 73
75 56 83
837 54 83
41 56 0
55 52 0
818 54 0
62 47 0
6714 64 79
436 64 0
44 64 76
238 64 0
2 66 71
203 66 0
37 66 69
106 66 0
74 59 66
210 63 68
236 63 0
8 64 73
402 59 0
99 59 75
46 64 0
181 63 63
238 64 59
213 59 0
69 63 0
13 59 75
18 64 0
212 63 63
234 64 68
185 59 0
94 59 68
5 63 0
6 64 0
244 63 68
228 64 71
232 63 0
15 59 0
130 64 0
149 59 70
21 63 68
240 64 86
637 66 76
490 64 0
9 68 76
2 66 0
10 63 0
1590 59 0
37 68 0
308 56 86
4 68 77
4 60 69
6 65 67
1689 60 0
52 68 0
29 65 0
11 56 0
99 56 77
33 58 58
2 63 90
4 67 55
395 56 0
46 56 74
180 56 0
78 56 76
922 56 0
244 58 0
0 63 0
5 67 0
20 63 86
1 53 67
8 56 82
222 61 86
0 63 0
231 61 0
9 63 86
231 63 0
9 68 90
1019 53 0
40 56 0
107 51 69
29 67 86
5 58 86
0 68 0
231 58 0
10 58 66
157 67 0
101 63 82
209 58 0
12 58 86
231 58 0
9 60 84
3 68 84
473 67 77
3 60 0
1 61 84
1 68 0
463 67 0
2 51 0
5 63 0
8 61 0
9 68 83
3 56 79
245 60 64
7 68 0
240 65 69
222 68 90
244 70 83
49 68 0
437 68 83
405 65 0
5 68 0
6 60 0
4 70 0
3 56 0
51 63 77
7 58 63
3 67 58
156 58 0
75 58 59
144 58 0
102 58 71
234 56 79
1156 58 0
10 63 0
0 67 0
5 56 0
19 56 68
6 63 84
13 65 54
99 68 73
1802 51 78
0 56 0
0 63 0
0 65 0
0 68 0
38 56 83
75 60 93
837 58 93
41 60 0
55 56 0
818 58 0
62 51 0
20 56 86
4 68 77
4 60 69
6 65 67
1689 60 0
52 68 0
29 65 0
11 56 0
99 56 77
33 58 58
2 63 90
4 67 55
395 56 0
46 56 74
180 56 0
78 56 76
922 56 0
244 58 0
0 63 0
5 67 0
20 63 86
1 53 67
8 56 82
222 61 86
0 63 0
231 61 0
9 63 86
231 63 0
9 68 90
1019 53 0
40 56 0
107 51 69
29 67 86
5 58 86
0 68 0
231 58 0
10 58 66
157 67 0
101 63 82
209 58 0
12 58 86
231 58 0
9 60 84
3 68 84
473 67 77
3 60 0
1 61 84
1 68 0
463 67 0
2 51 0
5 63 0
8 61 0
9 68 83
3 56 79
245 60 64
7 68 0
240 65 69
222 68 90
244 70 83
49 68 0
437 68 83
405 65 0
5 68 0
6 60 0
4 70 0
3 56 0
51 63 77
7 58 63
3 67 58
156 58 0
75 58 59
144 58 0
102 58 71
234 56 79
1156 58 0
10 63 0
0 67 0
5 56 0
19 56 68
6 63 84
13 65 54
99 68 73
1802 51 78
0 56 0
0 63 0
0 65 0
0 68 0
38 56 83
75 60 93
837 58 93
41 60 0
55 56 0
818 58 0
56 63 73
6 51 0
0 68 68
18 63 0
200 68 0
22 63 55
240 70 76
103 70 0
8 63 0
46 63 65
102 68 80
240 70 65
145 63 0
26 63 63
689 70 0
6 63 0
1 68 0
24 56 53
240 61 47
240 65 73
240 68 57
116 61 0
67 65 0
25 61 44
240 65 67
408 56 0
58 65 0
14 58 61
3 61 0
17 68 0
2 63 45
228 63 0
12 67 71
240 63 47
185 67 0
39 63 0
16 70 68
240 63 49
25 70 0
215 68 71
181 70 53
139 58 0
101 63 0
0 63 73
10 70 0
8 63 0
2 68 0
0 68 68
218 68 0
22 63 55
240 70 76
103 70 0
8 63 0
46 63 65
102 68 80
240 70 65
145 63 0
26 63 63
689 70 0
6 63 0
1 68 0
24 56 53
240 61 47
240 65 73
240 68 57
116 61 0
67 65 0
25 61 44
240 65 67
408 56 0
75 61 0
421 65 0
0 68 0

18177 76 66
636 76 0
53 76 81
230 76 0
24 76 73
402 76 0
55 76 83
291 76 0
178 75 79
506 75 0
1 76 52
15 76 0
311 76 68
314 76 0
2 75 61
425 75 0
29 76 58
5 76 0
220 78 73
128 78 0
190 80 80
74 81 71
1 80 0
68 80 63
21 81 0
80 78 53
16 80 0
881 78 0
137 76 67
581 76 0
60 76 83
231 76 0
39 76 81
439 76 0
42 76 86
295 76 0
170 75 71
466 75 0
19 76 49
798 76 0
162 76 83
554 76 0
4 71 67
123 71 0
2035 76 68
696 76 0
15 76 61
140 76 0
41 76 83
442 76 0
53 76 79
279 76 0
211 75 80
507 76 62
8 75 0
964 76 0
173 76 86
110 76 0
195 75 73
473 75 0
10 76 58
20 76 0
40 78 80
446 80 73
4 78 0
460 81 77
2 80 0
46 80 73
34 81 0
60 78 59
25 80 0
309 78 0
45 78 71
15 78 0
134 76 83
637 76 0
70 76 94
111 76 0
167 76 94
417 76 0
39 76 101
305 76 0
157 75 87
498 75 0
1 76 63
10 76 0
2 76 86
283 76 0
14 71 77
35 71 0
1363 76 79
123 76 0
972 78 87
981 78 0
465 71 97
462 71 0
60 83 83
856 83 0
51 81 86
446 81 0
45 80 83
263 78 65
4 80 0
682 78 0
515 80 83
616 80 0
69 81 97
235 81 0
5 80 76
863 80 0
108 78 71
335 78 0
374 76 83
266 76 0
17 75 53
437 75 0
45 76 71
400 76 0
726 75 73
293 75 0
6 73 64
104 73 0
20 71 66
1409 71 0
524 76 79
123 76 0
972 78 87
981 78 0
465 71 97
462 71 0
60 83 83
856 83 0
51 81 86
446 81 0
45 80 83
263 78 65
4 80 0
682 78 0
515 80 83
445 80 0
0 81 97
460 81 0
20 80 76
863 80 0
108 78 71
335 78 0
134 76 83
429 76 0
94 75 53
437 75 0
45 76 71
400 76 0
515 75 73
430 75 0
85 75 80
278 75 0
202 76 81
87 76 0
1 78 87
492 80 95
2 78 0
452 81 79
46 80 0
80 80 68
5 81 0
105 78 71
22 80 0
93 78 0
194 78 76
415 76 75
39 78 0
421 76 0
20 76 47
1920 76 0
5804 76 68
677 76 0
60 76 79
100 76 0
55 76 83
442 76 0
53 76 79
279 76 0
211 75 80
507 76 62
8 75 0
964 76 0
173 76 86
110 76 0
195 75 73
473 75 0
10 76 58
20 76 0
40 78 80
446 80 73
4 78 0
460 81 77
2 80 0
46 80 73
34 81 0
60 78 59
25 80 0
309 78 0
45 78 71
15 78 0
134 76 83
637 76 0
70 76 94
111 76 0
167 76 94
417 76 0
39 76 101
305 76 0
157 75 87
498 75 0
1 76 63
10 76 0
2 76 86
283 76 0
14 71 77
35 71 0
1330 76 79
0 80 69
568 76 0
0 80 0
152 76 66
0 80 56
98 76 0
0 80 0
118 76 83
0 80 73
442 76 0
0 80 0
53 76 79
0 80 69
279 76 0
0 80 0
210 78 70
1 75 80
507 76 62
0 80 52
7 78 0
1 75 0
964 76 0
0 80 0
173 76 86
0 80 76
110 76 0
0 80 0
193 78 63
2 75 73
472 78 0
1 75 0
10 76 58
0 80 48
20 76 0
0 80 0
37 81 70
3 78 80
446 80 73
1 81 0
3 78 0
8 83 63
452 81 77
2 80 0
10 85 67
3 83 0
33 80 73
13 83 63
21 81 0
13 85 0
45 81 49
2 78 59
25 80 0
13 83 0
293 81 0
3 78 0
45 78 71
12 81 61
15 78 0
12 81 0
122 76 83
637 76 0
70 76 94
111 76 0
167 76 94
417 76 0
39 76 101
305 76 0
157 75 87
498 75 0
1 76 63
10 76 0
62 78 86
102 71 77
46 78 0
35 71 0
1363 76 79
123 76 0
972 78 87
981 78 0
465 71 97
462 71 0
60 83 83
856 83 0
51 81 86
446 81 0
45 80 83
263 78 65
4 80 0
682 78 0
515 80 83
685 80 0
0 81 97
240 80 76
0 81 0
863 80 0
108 78 71
335 78 0
374 76 83
240 76 0
43 75 53
437 75 0
45 76 71
400 76 0
755 75 73
240 75 0
35 73 63
75 71 77
15 73 0
1857 71 0
62 76 79
135 76 0
955 78 87
981 78 0
459 71 84
461 71 0
19 83 83
856 83 0
104 81 86
446 81 0
34 80 83
240 78 65
26 80 0
660 78 0
549 80 83
445 80 0
0 81 86
480 80 76
0 81 0
863 80 0
97 78 71
346 78 0
134 76 83
360 76 0
120 75 53
438 75 0
42 76 71
400 76 0
800 75 73
235 75 0
5 75 76
305 75 0
175 76 73
23 76 0
51 78 83
89 80 73
3 78 0
112 78 59
31 80 0
845 78 0
84 76 59
125 76 0
13593 80 89
970 80 0
125 82 97
981 82 0
465 75 107
462 75 0
60 87 93
856 87 0
51 85 96
446 85 0
45 84 93
263 82 75
4 84 0
682 82 0
515 84 93
445 84 0
0 85 107
240 84 86
0 85 0
863 84 0
348 82 88
335 82 0
134 80 93
360 79 73
5 80 0
570 79 0
25 80 81
400 80 0
800 79 83
240 79 0
35 77 73
75 75 87
15 77 0
1857 75 0
95 80 89
970 80 0
125 82 97
981 82 0
465 75 107
462 75 0
60 87 93
856 87 0
51 85 96
446 85 0
45 84 93
263 82 75
4 84 0
682 82 0
515 84 93
445 84 0
0 85 107
440 85 0
40 84 86
863 84 0
108 82 88
335 82 0
134 80 93
478 80 0
2 79 73
480 79 0
0 80 81
400 80 0
560 79 83
465 79 0
15 80 104
460 80 0
28 80 104
460 80 0
53 82 95
56 82 0
72 84 94
104 82 63
6 84 0
46 84 86
3 82 0
79 82 100
23 84 0
70 80 97
11 82 0
37 80 0
2741 82 87
993 84 71
12 82 0
73 82 82
27 84 0
92 80 73
17 82 0
4460 80 0
0 82 57
475 82 0
30 80 57
30 80 0

87239 52 66
1876 52 0
44 47 68
1876 47 0
44 52 66
1876 52 0
44 56 64
960 54 66
0 56 0
960 54 0
0 56 66
1876 56 0
44 47 66
0 54 66
1876 47 0
0 54 0
44 45 66
0 52 66
0 88 36
960 57 66
0 59 66
957 57 0
0 59 0
3 54 66
0 61 71
957 61 0
3 59 68
900 88 0
16 54 0
41 45 0
0 52 0
0 59 0
3 52 66
1876 52 0
44 47 68
1876 47 0
44 45 68
0 61 66
1876 45 0
0 61 0
44 47 64
0 64 64
960 47 0
0 48 64
0 63 66
0 64 0
960 48 0
0 56 61
0 61 61
0 63 0
0 64 61
1906 56 0
0 61 0
0 64 0
14 59 56
0 63 56
0 66 56
1912 59 0
8 52 60
0 61 56
0 64 60
17 63 0
0 66 0
943 52 0
0 54 60
480 54 0
0 56 60
472 61 0
4 64 0
4 52 60
0 56 0
0 59 56
0 61 56
0 64 56
960 52 0
0 54 60
952 54 0
0 59 0
0 61 0
0 64 0
8 61 61
0 64 61
0 68 61
1906 61 0
0 64 0
0 68 0
14 59 56
0 63 56
0 66 56
1912 59 0
8 57 60
0 59 56
0 61 56
0 64 60
17 63 0
0 66 0
1895 59 0
8 54 60
0 59 56
0 63 56
0 64 0
0 66 60
12 57 0
5 61 0
943 63 0
0 64 56
872 54 0
0 66 0
88 56 61
0 61 61
0 64 0
0 64 61
17 59 0
1889 56 0
0 61 0
0 64 0
14 59 56
0 63 56
0 66 56
1912 59 0
8 52 61
0 59 56
0 61 56
0 64 60
17 63 0
0 66 0
1423 52 0
0 54 76
472 59 0
0 61 0
4 64 0
4 54 0
0 56 60
0 59 56
0 64 56
0 68 60
960 54 60
0 56 0
0 63 60
0 64 0
0 66 60
0 68 0
952 54 0
0 59 0
8 61 61
0 63 0
0 64 61
0 66 0
0 68 61
1906 61 0
0 64 0
0 68 0
14 59 56
0 63 56
0 66 56
1912 59 0
8 57 60
0 59 56
0 61 56
0 64 60
17 63 0
0 66 0
1895 59 0
8 54 60
0 59 56
0 63 56
0 64 0
0 66 60
12 57 0
5 61 0
943 63 0
0 64 56
872 54 0
0 66 0
88 56 61
0 61 61
0 64 0
0 64 61
17 59 0
1889 56 0
0 61 0
0 64 0
14 59 56
0 63 56
0 66 56
1912 59 0
8 52 61
0 59 56
0 61 56
0 64 60
17 63 0
0 66 0
1423 52 0
0 54 76
472 59 0
0 61 0
4 64 0
4 54 0
0 56 60
0 59 56
0 64 56
0 68 60
960 54 60
0 56 0
0 63 60
0 64 0
0 66 60
0 68 0
952 54 0
0 59 0
8 63 0
0 66 0
15360 53 91
0 65 91
0 68 91
0 72 91
1906 53 0
0 65 0
0 68 0
0 72 0
14 51 86
0 63 86
0 67 86
0 70 86
1912 51 0
0 63 0
8 49 90
0 61 90
0 63 86
0 65 86
0 68 90
17 67 0
0 70 0
1895 63 0
8 51 86
0 58 90
0 63 86
0 67 86
0 68 0
0 70 90
12 49 0
0 61 0
5 65 0
943 67 0
0 68 86
872 58 0
0 70 0
75 68 0
13 53 91
0 60 91
0 65 91
0 68 91
17 51 0
0 63 0
1889 53 0
0 60 0
0 65 0
0 68 0
14 51 86
0 63 86
0 67 86
0 70 86
1912 51 0
0 63 0
8 53 91
0 63 86
0 65 86
0 68 90
17 67 0
0 70 0
943 61 86
0 63 0
480 60 86
0 61 0
472 65 0
4 68 0
4 53 0
0 56 90
0 60 0
0 61 90
0 65 90
0 68 86
0 72 90
957 56 0
0 61 0
0 65 0
3 58 90
0 63 90
0 67 90
0 68 0
0 70 90
0 72 0
952 58 0
0 63 0
8 53 91
0 65 91
0 67 0
0 68 91
0 70 0
0 72 91
1906 53 0
0 65 0
0 68 0
0 72 0
14 51 86
0 63 86
0 67 86
0 70 86
1912 51 0
0 63 0
8 49 90
0 61 90
0 63 86
0 65 86
0 68 90
17 67 0
0 70 0
1895 63 0
8 51 86
0 58 90
0 63 86
0 67 86
0 68 0
0 70 90
12 49 0
0 61 0
5 65 0
943 67 0
0 68 86
872 58 0
0 70 0
75 68 0
13 53 91
0 60 91
0 65 91
0 68 91
17 51 0
0 63 0
1889 53 0
0 60 0
0 65 0
0 68 0
14 51 86
0 63 86
0 67 86
0 70 86
1912 51 0
0 63 0
8 53 91
0 63 86
0 65 86
0 68 90
17 67 0
0 70 0
943 61 86
0 63 0
480 60 86
0 61 0
472 65 0
4 68 0
4 53 0
0 56 90
0 60 0
0 61 90
0 65 90
0 68 86
0 72 90
957 56 0
0 61 0
0 65 0
3 58 90
0 63 90
0 67 90
0 68 0
0 70 90
0 72 0
952 58 0
0 63 0
8 44 66
0 56 66
0 60 66
0 63 66
0 67 0
0 68 66
0 70 0
1912 56 0
0 60 0
0 63 0
0 68 0
8 55 68
0 58 66
0 63 66
0 67 68
1904 55 0
0 67 0
11 44 0
5 44 66
0 53 67
0 56 66
0 61 66
0 65 67
6 58 0
0 63 0
1909 53 0
0 65 0
5 55 61
0 58 66
0 63 66
0 67 61
6 56 0
0 61 0
1885 55 0
0 67 0
24 44 0
5 44 66
0 56 66
0 60 66
0 63 0
0 63 66
0 68 66
6 58 0
0 63 0
1906 44 0
0 56 0
0 60 0
0 68 0
8 44 66
0 55 68
0 58 66
0 63 66
0 67 68
1912 44 0
0 55 0
0 58 0
0 63 0
0 67 0
8 44 66
0 53 67
0 56 66
0 61 66
0 65 67
1912 44 0
0 44 61
0 53 0
0 56 0
0 61 0
0 65 0
540 44 0

59 88 46
2708 88 0
58 88 46
2708 88 0
107 64 56
0 64 0
0 57 44
0 59 41
0 61 24
0 64 41
520 59 0
6 61 0
12 57 0
8 64 0
24 56 36
0 64 36
0 68 36
0 76 36
1678 64 0
2 64 36
196 56 0
0 68 0
0 76 0
44 54 36
0 63 36
0 64 0
0 66 36
0 75 36
1876 54 0
0 63 0
0 66 0
0 75 0
44 52 36
0 59 36
0 64 36
0 71 36
1876 52 0
0 59 0
0 64 0
0 71 0
44 52 46
0 59 46
0 64 46
0 68 46
960 52 0
0 54 49
0 63 49
0 64 0
0 66 49
0 68 0
480 52 59
0 54 0
240 52 0
0 54 66
238 59 0
2 54 0
0 56 36
0 59 36
0 63 0
0 64 36
0 66 0
1678 64 0
2 64 36
196 56 0
0 59 0
44 54 36
0 59 36
0 63 36
0 64 0
1876 54 0
0 59 0
0 63 0
44 52 36
0 57 36
0 59 36
0 64 36
0 88 26
3780 88 0
30 52 0
0 57 0
0 59 0
0 64 0
30 56 51
0 61 51
0 64 51
0 88 46
1906 56 0
0 61 0
0 64 0
0 88 0
14 59 46
0 63 46
0 66 46
0 87 46
1913 59 0
7 57 50
0 59 46
0 64 50
0 85 45
18 63 0
0 66 0
0 87 0
1815 85 0
80 59 0
7 54 50
0 59 46
0 64 0
0 66 50
0 87 45
13 57 0
947 83 54
6 87 0
867 54 0
0 66 0
72 83 0
15 56 51
0 61 51
0 64 51
0 80 51
18 59 0
1888 56 0
0 61 0
0 64 0
0 80 0
14 59 46
0 63 46
0 66 46
0 83 46
1913 59 0
7 52 50
0 61 46
0 64 50
0 85 50
18 63 0
0 66 0
0 83 0
942 52 0
0 54 50
480 54 0
0 56 50
393 85 0
80 61 0
3 64 0
4 52 50
0 56 0
0 59 46
0 61 46
0 64 50
480 78 51
240 78 0
0 80 51
240 52 0
0 54 50
0 63 50
0 64 0
0 80 0
0 81 54
240 81 0
0 83 54
240 83 0
0 85 54
240 85 0
0 87 54
233 54 0
0 59 0
0 61 0
7 61 51
0 63 0
0 64 51
0 68 51
0 87 0
0 88 51
1906 61 0
0 64 0
0 68 0
0 88 0
14 59 46
0 63 46
0 66 46
0 87 46
1913 59 0
7 57 50
0 59 46
0 61 46
0 64 50
0 83 46
0 85 50
18 63 0
0 66 0
0 87 0
942 81 46
0 83 0
480 80 46
0 81 0
393 85 0
80 59 0
7 54 50
0 59 46
0 63 46
0 64 0
0 66 50
0 78 46
0 80 0
0 87 51
13 57 0
5 61 0
942 63 0
0 64 46
0 83 54
6 87 0
867 54 0
0 66 0
72 83 0
15 56 51
0 61 51
0 64 0
0 64 51
0 80 51
18 59 0
0 78 0
1888 56 0
0 61 0
0 64 0
14 59 46
0 63 46
0 66 46
960 80 0
0 83 46
953 59 0
7 52 51
0 59 46
0 61 46
0 64 50
0 83 0
0 85 50
18 63 0
0 66 0
1888 52 0
2 85 0
5 59 0
0 61 0
3 64 0
4 56 50
0 59 46
0 64 46
0 68 50
0 80 46
960 54 50
0 56 0
0 63 50
0 64 0
0 66 50
0 68 0
0 78 46
0 80 0
953 54 0
0 59 0
0 63 0
0 64 46
0 66 0
0 78 0
58 88 46
0 59 46
0 64 0
840 64 46
1808 88 0
110 59 0
0 64 0
242 64 95
80 64 0
160 63 100
80 63 0
160 64 101
83 64 0
157 71 101
86 71 0
154 64 97
78 64 0
162 63 95
63 63 0
177 64 97
70 64 0
410 64 95
80 64 0
160 63 100
80 63 0
160 64 101
83 64 0
157 71 101
86 71 0
154 64 97
78 64 0
162 63 95
63 63 0
177 64 97
70 64 0
410 64 95
80 64 0
160 63 100
80 63 0
160 64 101
83 64 0
157 71 101
86 71 0
154 64 97
78 64 0
162 63 95
63 63 0
177 64 97
70 64 0
410 64 95
80 64 0
160 63 100
80 63 0
160 64 101
83 64 0
157 71 101
86 71 0
154 64 97
78 64 0
162 63 95
63 63 0
177 64 97
70 64 0
410 64 95
80 64 0
160 63 100
80 63 0
160 64 101
83 64 0
157 71 101
86 71 0
154 64 97
78 64 0
162 63 95
63 63 0
177 64 97
70 64 0
410 64 95
80 64 0
160 63 100
80 63 0
160 64 101
83 64 0
157 71 101
86 71 0
154 64 97
78 64 0
162 63 95
63 63 0
177 64 97
70 64 0
410 64 95
80 64 0
160 63 100
80 63 0
160 64 101
83 64 0
157 71 101
86 71 0
154 64 97
78 64 0
162 63 95
63 63 0
177 64 97
70 64 0
410 64 95
80 64 0
160 63 100
80 63 0
160 64 101
83 64 0
157 71 101
0 73 91
83 71 0
157 64 97
74 64 0
166 63 95
60 63 0
180 64 97
0 73 0
0 75 91
66 64 0
174 75 0
0 76 67
1920 76 0
0 78 71
1438 78 0
2 83 66
2400 80 61
24 83 0
936 78 56
0 80 0
935 78 0
25 76 66
933 76 0
27 88 58
471 88 0
9 87 56
240 88 64
11 87 0
229 87 61
1 88 0
479 85 65
5 87 0
475 83 71
0 85 0
473 83 0
7 78 65
480 76 64
10 78 0
1910 76 0
0 83 64
1920 83 0
0 88 67
1369 88 0
71 87 64
240 85 59
0 87 0
240 87 61
9 85 0
1374 87 0
57 85 68
209 85 0
31 83 66
240 83 0
0 85 63
1433 85 0
7 87 65
476 87 0
4 85 59
480 87 66
11 85 0
408 87 0
61 85 65
480 83 74
54 85 0
357 83 0
69 80 68
1920 80 0
0 83 66
1920 83 0
0 85 69
1920 76 64
9 85 0
471 76 0
0 78 64
234 78 0
6 80 61
234 80 0
6 81 61
240 83 64
6 81 0
219 83 0
15 85 68
240 87 63
1 85 0
238 87 0
1 88 67
1369 88 0
71 80 64
240 80 0
0 85 59
240 87 61
9 85 0
1374 87 0
57 85 68
209 85 0
31 83 66
240 83 0
0 85 63
1433 85 0
7 87 65
476 87 0
4 85 59
480 87 66
11 85 0
408 87 0
61 85 65
480 83 74
54 85 0
357 83 0
69 80 68
2880 80 0
0 83 66
960 83 0
0 85 69
1920 92 64
9 85 0
951 90 61
0 92 0
958 90 0
0 73 46
58 88 46
0 71 46
0 73 0
2708 88 0
0 25 53
0 59 53
0 64 53
0 71 0
0 71 53
0 83 53
58 88 56
120 23 56
0 25 0
238 64 0
0 23 0
0 33 66
0 64 58
118 71 0
0 83 0
0 88 0
0 64 0
0 66 58
0 71 58
0 83 58
238 71 0
0 83 0
0 59 0
0 63 58
0 66 0
0 68 58
0 71 58
0 83 58
320 72 50
0 83 0
0 84 50
80 72 0
0 73 55
0 84 0
0 85 55
80 32 59
0 33 0
0 71 0
0 72 59
0 73 0
0 74 59
0 85 0
0 86 59
80 74 0
0 75 64
0 86 0
0 87 64
80 75 0
0 76 68
0 87 0
0 88 68
80 76 0
0 77 73
0 88 0
0 89 73
80 77 0
0 78 77
0 89 0
0 90 77
80 78 0
0 79 82
0 90 0
0 91 82
63 63 0
17 32 0
0 68 0
0 68 77
0 72 0
0 79 0
0 91 0
0 92 77
1369 68 0
0 92 0
71 67 74
0 91 74
240 65 69
0 67 0
0 89 69
0 91 0
240 67 71
0 91 71
9 65 0
0 89 0
1374 67 0
0 91 0
57 65 78
0 89 78
209 65 0
0 89 0
31 63 76
0 87 76
240 63 0
0 65 73
0 87 0
0 89 73
1433 65 0
0 89 0
7 63 78
0 87 78
209 63 0
0 87 0
31 61 76
0 85 76
240 61 0
0 63 69
0 85 0
0 87 69
480 85 76
11 87 0
408 85 0
61 84 75
480 82 84
54 84 0
357 82 0
67 63 0
2 84 78
720 84 0
0 89 74
234 89 0
6 91 74
480 91 0
0 92 74
480 91 78
0 92 0
720 91 0
0 92 74
234 92 0
6 94 74
480 87 74
0 94 0
480 87 0
0 89 79
1920 82 74
9 89 0
231 82 0
0 84 74
234 84 0
6 85 71
234 85 0
6 87 71
240 89 74
6 87 0
219 89 0
15 91 78
240 92 73
1 91 0
238 92 0
1 94 73
239 94 0
1 72 77
0 96 77
1369 72 0
0 96 0
71 70 74
0 94 74
240 68 69
0 70 0
0 92 69
0 94 0
240 70 71
0 94 71
9 68 0
0 92 0
1374 70 0
0 94 0
57 68 78
0 92 78
209 68 0
0 92 0
31 67 76
0 91 76
240 67 0
0 68 73
0 91 0
0 92 73
1433 68 0
0 92 0
7 67 78
0 91 78
209 67 0
0 91 0
31 65 76
0 89 76
240 65 0
0 67 69
0 89 0
0 91 69
480 89 76
11 91 0
408 89 0
61 87 75
480 82 84
0 87 0
240 82 0
0 85 84
238 67 0
2 84 78
0 85 0
720 84 0
0 89 74
234 89 0
6 91 74
480 91 0
0 92 74
480 91 78
0 92 0
720 91 0
0 92 74
234 92 0
6 94 74
480 87 74
0 94 0
480 87 0
0 89 79
1920 82 74
9 89 0
231 82 0
0 84 74
234 84 0
6 85 71
234 85 0
6 87 71
240 89 74
6 87 0
219 89 0
15 91 78
240 92 73
1 91 0
238 92 0
1 94 73
239 94 0
1 92 61
0 92 0
3360 44 47
0 51 47
0 56 47
0 60 47
0 63 47
0 68 47
120 44 0
0 51 0
0 56 0
0 60 0
0 63 0
0 68 0

7 64 86
43 64 0
10367 78 88
225 78 0
15 78 86
25 71 83
22 78 0
215 71 0
3 71 86
73 71 0
0 73 80
237 73 0
3 73 87
20 73 0
75130 84 101
240 80 98
0 84 0
210 80 0
30 80 95
199 79 86
0 80 0
156 80 80
8 79 0
45 79 91
28 80 0
50 77 94
33 79 0
134 75 88
0 77 0
237 75 0
3 77 98
73 77 0
0 79 79
1708 79 0
212 77 79
1708 77 0
452 58 84
216 58 0
24 60 84
211 60 0
29 61 84
238 61 0
2 63 84
240 58 84
11 63 0
8 58 0
17 56 93
1920 55 94
35 56 0
905 55 0
20 75 98
17 68 98
16 75 0
6 68 0
77 68 95
960 67 95
16 68 0
960 67 0

2396 70 41
5 70 0
235 70 29
5 70 0
235 70 41
5 70 0
235 70 32
5 70 0
235 70 41
5 70 0
235 70 30
5 70 0
235 70 44
5 70 0
235 70 32
5 70 0
235 70 41
5 70 0
235 70 29
5 70 0
235 70 41
5 70 0
235 70 32
5 70 0
235 70 41
5 70 0
235 70 30
5 70 0
235 70 44
5 70 0
235 70 32
5 70 0
235 70 41
5 70 0
235 70 29
5 70 0
235 70 41
5 70 0
235 70 32
5 70 0
235 70 41
5 70 0
235 70 30
5 70 0
235 70 44
5 70 0
235 70 32
5 70 0
235 70 41
5 70 0
235 70 29
5 70 0
235 70 41
5 70 0
235 70 32
5 70 0
235 70 41
5 70 0
235 70 30
5 70 0
235 70 44
5 70 0
235 70 32
5 70 0
235 70 41
5 70 0
235 70 29
5 70 0
235 70 41
5 70 0
235 70 32
5 70 0
235 70 41
5 70 0
235 70 30
5 70 0
235 70 44
5 70 0
235 70 32
5 70 0
235 70 41
5 70 0
235 70 29
5 70 0
235 70 41
5 70 0
235 70 32
5 70 0
235 70 41
5 70 0
235 70 30
5 70 0
235 70 44
5 70 0
235 70 32
5 70 0
235 70 41
5 70 0
235 70 29
5 70 0
235 70 41
5 70 0
235 70 32
5 70 0
235 70 41
5 70 0
235 70 30
5 70 0
235 70 44
5 70 0
235 70 32
5 70 0
235 70 41
5 70 0
235 70 29
5 70 0
235 70 41
5 70 0
235 70 32
5 70 0
235 70 41
5 70 0
235 70 30
5 70 0
235 70 44
5 70 0
235 70 32
5 70 0
235 70 41
5 70 0
235 70 29
5 70 0
235 70 41
5 70 0
235 70 32
5 70 0
235 70 41
5 70 0
235 70 30
5 70 0
235 70 44
5 70 0
235 70 32
5 70 0
0 70 41
5 70 0
195 70 29
5 70 0
235 70 41
5 70 0
235 70 32
5 70 0
235 54 64
0 70 41
5 54 0
0 70 0
235 70 30
5 70 0
235 70 44
5 70 0
235 70 32
5 70 0
235 70 41
5 70 0
235 70 29
5 70 0
235 70 41
5 70 0
235 70 32
5 70 0
235 70 41
5 70 0
235 70 30
5 70 0
235 70 44
5 70 0
235 70 32
5 70 0
235 70 41
5 70 0
235 70 29
5 70 0
235 70 41
5 70 0
235 70 32
5 70 0
235 70 41
5 70 0
235 70 30
5 70 0
235 70 44
5 70 0
235 70 32
5 70 0
235 70 41
5 70 0
235 70 29
5 70 0
235 70 41
5 70 0
235 70 32
5 70 0
235 70 41
5 70 0
235 70 30
5 70 0
235 70 44
5 70 0
235 70 32
5 70 0
235 70 41
5 70 0
235 70 29
5 70 0
235 70 41
5 70 0
235 70 32
5 70 0
235 54 64
0 70 41
5 54 0
0 70 0
235 70 30
5 70 0
235 70 44
5 70 0
235 70 32
5 70 0
235 70 41
5 70 0
235 70 29
5 70 0
235 70 41
5 70 0
235 70 32
5 70 0
235 70 41
5 70 0
235 70 30
5 70 0
235 70 44
5 70 0
235 70 32
5 70 0
235 70 41
5 70 0
235 70 29
5 70 0
235 70 41
5 70 0
235 70 32
5 70 0
235 70 41
5 70 0
235 70 30
5 70 0
235 70 44
5 70 0
235 70 32
5 70 0
235 35 51
0 70 41
5 35 0
0 70 0
235 70 29
5 70 0
235 70 41
5 70 0
235 70 32
5 70 0
235 70 41
5 70 0
235 70 30
5 70 0
235 70 44
5 70 0
235 35 34
0 70 32
5 35 0
0 70 0
0 35 49
0 70 41
5 35 0
0 70 0
195 70 29
5 70 0
235 70 41
0 81 43
5 70 0
0 81 0
235 70 32
0 81 26
5 70 0
0 81 0
235 54 64
0 70 41
0 81 49
5 54 0
0 70 0
0 81 0
235 70 30
5 70 0
235 70 44
5 70 0
235 70 32
5 70 0
235 35 49
0 70 41
5 35 0
0 70 0
235 70 29
5 70 0
235 70 41
5 70 0
235 70 32
5 70 0
235 70 41
5 70 0
235 70 30
5 70 0
235 70 44
5 70 0
235 35 32
0 70 32
5 35 0
0 70 0
235 35 46
0 70 41
5 35 0
0 70 0
235 70 29
5 70 0
235 70 41
5 70 0
235 70 32
5 70 0
235 70 41
5 70 0
235 70 30
5 70 0
235 70 44
5 70 0
235 70 32
5 70 0
235 35 51
0 70 41
5 35 0
0 70 0
235 70 29
5 70 0
235 70 41
5 70 0
235 70 32
5 70 0
235 70 41
5 70 0
235 70 30
5 70 0
235 70 44
5 70 0
235 35 34
0 70 32
5 35 0
0 70 0
235 35 49
0 70 41
5 35 0
0 70 0
235 70 29
5 70 0
235 70 41
0 81 43
5 70 0
0 81 0
235 70 32
0 81 26
5 70 0
0 81 0
235 54 64
0 70 41
5 54 0
0 70 0
235 70 30
5 70 0
235 70 44
5 70 0
235 70 32
5 70 0
235 35 49
0 70 41
5 35 0
0 70 0
235 70 29
5 70 0
235 70 41
5 70 0
235 70 32
5 70 0
235 70 41
5 70 0
235 70 30
5 70 0
235 70 44
5 70 0
235 35 32
0 70 32
5 35 0
0 70 0
235 35 46
0 70 41
5 35 0
0 70 0
235 70 29
5 70 0
235 70 41
5 70 0
235 70 32
5 70 0
235 70 41
5 70 0
235 70 30
5 70 0
235 70 44
5 70 0
235 70 32
5 70 0
235 35 51
0 70 41
5 35 0
0 70 0
235 70 29
5 70 0
235 70 41
5 70 0
235 70 32
0 81 43
5 70 0
0 81 0
235 70 41
5 70 0
235 70 30
5 70 0
235 70 44
5 70 0
235 35 34
0 70 32
5 35 0
0 70 0
235 35 49
0 70 41
5 35 0
0 70 0
235 70 29
5 70 0
235 70 41
5 70 0
235 70 32
0 81 26
5 70 0
0 81 0
235 54 64
0 70 41
5 54 0
0 70 0
235 70 30
5 70 0
235 70 44
5 70 0
235 70 32
5 70 0
235 35 49
0 70 41
5 35 0
0 70 0
235 70 29
5 70 0
235 70 41
5 70 0
235 70 32
0 81 43
5 70 0
0 81 0
235 70 41
5 70 0
235 70 30
5 70 0
235 70 44
5 70 0
235 35 32
0 70 32
5 35 0
0 70 0
235 35 46
0 70 41
5 35 0
0 70 0
235 70 29
5 70 0
235 70 41
5 70 0
235 70 32
0 81 26
5 70 0
0 81 0
235 54 64
0 70 41
5 54 0
0 70 0
235 70 30
5 70 0
235 70 44
5 70 0
235 70 32
5 70 0
235 35 51
0 70 41
5 35 0
0 70 0
235 70 29
5 70 0
235 70 41
5 70 0
235 70 32
0 81 43
5 70 0
0 81 0
235 70 41
5 70 0
235 70 30
5 70 0
235 70 44
5 70 0
235 35 34
0 70 32
5 35 0
0 70 0
235 35 49
0 70 41
5 35 0
0 70 0
235 70 29
5 70 0
235 70 41
5 70 0
235 70 32
0 81 26
5 70 0
0 81 0
235 54 64
0 70 41
5 54 0
0 70 0
235 70 30
5 70 0
235 70 44
5 70 0
235 70 32
5 70 0
235 35 49
0 70 41
5 35 0
0 70 0
235 70 29
5 70 0
235 70 41
5 70 0
235 70 32
0 81 43
5 70 0
0 81 0
235 44 71
0 70 41
5 44 0
0 70 0
235 70 30
5 70 0
235 70 44
5 70 0
235 35 32
0 70 32
5 35 0
0 70 0
235 35 46
0 70 41
5 35 0
0 70 0
235 70 29
5 70 0
235 70 41
5 70 0
235 70 32
0 81 26
5 70 0
0 81 0
235 54 64
0 70 41
5 54 0
0 70 0
235 70 30
5 70 0
235 70 44
5 70 0
235 70 32
5 70 0
235 35 51
0 70 41
5 35 0
0 70 0
235 70 29
5 70 0
235 70 41
5 70 0
235 70 32
0 81 43
5 70 0
0 81 0
235 70 41
5 70 0
235 70 30
5 70 0
235 70 44
5 70 0
235 35 34
0 70 32
5 35 0
0 70 0
235 35 49
0 70 41
5 35 0
0 70 0
235 70 29
5 70 0
235 70 41
5 70 0
235 70 32
0 81 26
5 70 0
0 81 0
235 54 64
0 70 41
5 54 0
0 70 0
235 70 30
5 70 0
235 70 44
5 70 0
235 70 32
5 70 0
235 35 49
0 70 41
5 35 0
0 70 0
235 70 29
5 70 0
235 70 41
5 70 0
235 70 32
0 81 43
5 70 0
0 81 0
235 70 41
5 70 0
235 70 30
5 70 0
235 70 44
5 70 0
235 35 32
0 70 32
5 35 0
0 70 0
235 35 46
0 70 41
5 35 0
0 70 0
235 70 29
5 70 0
235 70 41
5 70 0
235 70 32
0 81 26
5 70 0
0 81 0
235 54 64
0 70 41
5 54 0
0 70 0
235 70 30
5 70 0
235 70 44
5 70 0
235 70 32
5 70 0
235 35 51
0 70 41
5 35 0
0 70 0
235 70 29
5 70 0
235 70 41
5 70 0
235 70 32
0 81 43
5 70 0
0 81 0
235 70 41
5 70 0
235 70 30
5 70 0
235 70 44
5 70 0
235 35 34
0 70 32
5 35 0
0 70 0
0 35 49
0 70 41
5 35 0
0 70 0
195 70 29
5 70 0
235 70 41
5 70 0
235 70 32
0 81 26
5 70 0
0 81 0
235 54 64
0 70 41
5 54 0
0 70 0
235 70 30
5 70 0
235 70 44
5 70 0
235 70 32
5 70 0
235 35 49
0 70 41
5 35 0
0 70 0
235 70 29
5 70 0
235 70 41
5 70 0
235 70 32
0 81 43
5 70 0
0 81 0
235 44 71
0 70 41
5 44 0
0 70 0
235 70 30
5 70 0
235 70 44
5 70 0
235 35 32
0 70 32
5 35 0
0 70 0
235 35 46
0 70 41
5 35 0
0 70 0
235 70 29
5 70 0
235 70 41
5 70 0
235 70 32
0 81 26
5 70 0
0 81 0
235 54 64
0 70 41
5 54 0
0 70 0
235 70 30
5 70 0
235 70 44
5 70 0
235 70 32
5 70 0
235 35 51
0 70 41
5 35 0
0 70 0
235 70 29
5 70 0
235 70 41
5 70 0
235 70 32
5 70 0
235 70 41
5 70 0
235 70 30
5 70 0
235 70 44
5 70 0
235 35 34
0 70 32
5 35 0
0 70 0
235 35 49
0 70 41
5 35 0
0 70 0
235 70 29
5 70 0
235 70 41
5 70 0
235 70 32
5 70 0
235 70 41
5 70 0
235 70 30
5 70 0
235 70 44
5 70 0
235 70 32
5 70 0
235 35 49
0 70 41
5 35 0
0 70 0
235 70 29
5 70 0
235 70 41
5 70 0
235 70 32
5 70 0
235 70 41
5 70 0
235 70 30
5 70 0
235 70 44
5 70 0
235 35 32
0 70 32
5 35 0
0 70 0
0 35 46
0 70 41
5 35 0
0 70 0
210 70 29
5 70 0
235 70 41
5 70 0
235 70 32
5 70 0
235 38 96
0 70 41
5 38 0
0 70 0
235 45 83
0 70 30
5 45 0
0 70 0
235 43 88
0 70 44
5 43 0
0 70 0
235 70 32
5 70 0
235 35 95
0 46 49
0 57 67
0 70 41
5 35 0
0 46 0
0 57 0
0 70 0
235 70 29
5 70 0
0 44 44
0 59 57
0 70 41
5 44 0
0 59 0
0 70 0
190 70 32
0 81 43
5 70 0
0 81 0
235 37 102
0 46 41
0 59 71
0 70 41
5 37 0
0 46 0
0 59 0
0 70 0
235 70 30
5 70 0
235 44 44
0 59 65
0 70 44
5 44 0
0 59 0
0 70 0
235 35 51
0 70 32
5 35 0
0 70 0
235 35 93
0 46 49
0 59 73
0 70 41
5 35 0
0 46 0
0 59 0
0 70 0
235 70 29
5 70 0
235 44 44
0 59 41
0 70 41
5 44 0
0 59 0
0 70 0
235 70 32
0 81 26
5 70 0
0 81 0
235 38 85
0 46 41
0 54 64
0 59 66
0 70 41
5 38 0
0 46 0
0 54 0
0 59 0
0 70 0
235 70 30
5 70 0
235 44 44
0 59 71
0 70 44
5 44 0
0 59 0
0 70 0
235 70 32
5 70 0
235 35 93
0 46 49
0 51 67
0 70 41
5 35 0
0 46 0
0 51 0
0 70 0
235 70 29
5 70 0
235 44 44
0 59 57
0 70 41
5 44 0
0 59 0
0 70 0
235 70 32
0 81 43
5 70 0
0 81 0
235 37 105
0 46 41
0 59 71
0 70 41
5 37 0
0 46 0
0 59 0
0 70 0
235 70 30
5 70 0
235 44 44
0 59 65
0 70 44
5 44 0
0 59 0
0 70 0
235 35 76
0 70 32
5 35 0
0 70 0
235 35 93
0 46 49
0 59 73
0 70 41
5 35 0
0 46 0
0 59 0
0 70 0
235 70 29
5 70 0
235 44 44
0 59 41
0 70 41
5 44 0
0 59 0
0 70 0
235 70 32
0 81 26
5 70 0
0 81 0
235 38 94
0 46 41
0 54 64
0 59 66
0 70 41
5 38 0
0 46 0
0 54 0
0 59 0
0 70 0
235 70 30
5 70 0
235 44 44
0 59 71
0 70 44
5 44 0
0 59 0
0 70 0
235 70 32
5 70 0
235 35 95
0 46 49
0 59 57
0 70 41
5 35 0
0 46 0
0 59 0
0 70 0
235 70 29
5 70 0
235 44 44
0 59 57
0 70 41
5 44 0
0 59 0
0 70 0
235 70 32
0 81 43
5 70 0
0 81 0
235 37 102
0 46 41
0 59 71
0 70 41
5 37 0
0 46 0
0 59 0
0 70 0
235 70 30
5 70 0
235 44 44
0 59 65
0 70 44
5 44 0
0 59 0
0 70 0
235 35 51
0 70 32
5 35 0
0 70 0
235 35 93
0 46 49
0 59 73
0 70 41
5 35 0
0 46 0
0 59 0
0 70 0
235 70 29
5 70 0
235 44 44
0 59 41
0 70 41
5 44 0
0 59 0
0 70 0
235 70 32
0 81 26
5 70 0
0 81 0
235 38 85
0 46 41
0 54 64
0 59 66
0 70 41
5 38 0
0 46 0
0 54 0
0 59 0
0 70 0
235 70 30
5 70 0
235 44 44
0 59 71
0 70 44
5 44 0
0 59 0
0 70 0
235 70 32
5 70 0
235 35 93
0 46 49
0 51 67
0 70 41
5 35 0
0 46 0
0 51 0
0 70 0
235 70 29
5 70 0
235 44 44
0 59 57
0 70 41
5 44 0
0 59 0
0 70 0
235 70 32
0 81 43
5 70 0
0 81 0
235 37 105
0 46 41
0 59 71
0 70 41
5 37 0
0 46 0
0 59 0
0 70 0
235 70 30
5 70 0
235 44 44
0 59 65
0 70 44
5 44 0
0 59 0
0 70 0
235 35 76
0 70 32
5 35 0
0 70 0
235 35 93
0 46 49
0 59 73
0 70 41
5 35 0
0 46 0
0 59 0
0 70 0
235 70 29
5 70 0
235 44 44
0 59 41
0 70 41
5 44 0
0 59 0
0 70 0
235 70 32
0 81 26
5 70 0
0 81 0
235 38 94
0 46 41
0 54 64
0 59 66
0 70 41
5 38 0
0 46 0
0 54 0
0 59 0
0 70 0
235 70 30
5 70 0
235 43 88
0 44 44
0 59 71
0 70 44
5 43 0
0 44 0
0 59 0
0 70 0
235 70 32
5 70 0
235 35 95
0 46 49
0 57 67
0 70 41
5 35 0
0 46 0
0 57 0
0 70 0
235 70 29
5 70 0
235 44 44
0 59 57
0 70 41
5 44 0
0 59 0
0 70 0
235 70 32
0 81 43
5 70 0
0 81 0
235 37 102
0 46 41
0 59 71
0 70 41
5 37 0
0 46 0
0 59 0
0 70 0
235 70 30
5 70 0
235 44 44
0 59 65
0 70 44
5 44 0
0 59 0
0 70 0
235 35 51
0 70 32
5 35 0
0 70 0
235 35 93
0 46 49
0 59 73
0 70 41
5 35 0
0 46 0
0 59 0
0 70 0
235 70 29
5 70 0
235 44 44
0 59 41
0 70 41
5 44 0
0 59 0
0 70 0
235 70 32
0 81 26
5 70 0
0 81 0
235 38 85
0 46 41
0 54 64
0 59 66
0 70 41
5 38 0
0 46 0
0 54 0
0 59 0
0 70 0
235 70 30
5 70 0
235 44 44
0 59 71
0 70 44
5 44 0
0 59 0
0 70 0
235 70 32
5 70 0
235 35 93
0 46 49
0 51 67
0 70 41
5 35 0
0 46 0
0 51 0
0 70 0
235 70 29
5 70 0
235 44 44
0 59 57
0 70 41
5 44 0
0 59 0
0 70 0
235 70 32
0 81 43
5 70 0
0 81 0
235 37 105
0 46 41
0 59 71
0 70 41
5 37 0
0 46 0
0 59 0
0 70 0
235 70 30
5 70 0
235 44 44
0 59 65
0 70 44
5 44 0
0 59 0
0 70 0
235 35 76
0 70 32
5 35 0
0 70 0
235 35 93
0 46 49
0 59 73
0 70 41
5 35 0
0 46 0
0 59 0
0 70 0
235 70 29
5 70 0
235 44 44
0 59 41
0 70 41
5 44 0
0 59 0
0 70 0
235 70 32
0 81 26
5 70 0
0 81 0
235 38 94
0 46 41
0 54 64
0 59 66
0 70 41
5 38 0
0 46 0
0 54 0
0 59 0
0 70 0
235 70 30
5 70 0
235 44 44
0 59 71
0 70 44
5 44 0
0 59 0
0 70 0
235 70 32
5 70 0
235 35 95
0 46 49
0 59 57
0 70 41
5 35 0
0 46 0
0 59 0
0 70 0
3 127 1
5 127 0
227 70 29
5 70 0
235 44 44
0 59 57
0 70 41
5 44 0
0 59 0
0 70 0
235 70 32
0 81 43
5 70 0
0 81 0
235 37 102
0 46 41
0 59 71
0 70 41
5 37 0
0 46 0
0 59 0
0 70 0
235 70 30
5 70 0
235 44 44
0 59 65
0 70 44
5 44 0
0 59 0
0 70 0
235 35 51
0 70 32
5 35 0
0 70 0
235 35 93
0 46 49
0 59 73
0 70 41
5 35 0
0 46 0
0 59 0
0 70 0
235 70 29
5 70 0
235 44 44
0 59 41
0 70 41
5 44 0
0 59 0
0 70 0
235 70 32
0 81 26
5 70 0
0 81 0
235 38 85
0 46 41
0 54 64
0 59 66
0 70 41
5 38 0
0 46 0
0 54 0
0 59 0
0 70 0
235 70 30
5 70 0
235 44 44
0 59 71
0 70 44
5 44 0
0 59 0
0 70 0
235 35 51
0 70 32
5 35 0
0 70 0
235 35 93
0 46 49
0 51 67
0 70 41
5 35 0
0 46 0
0 51 0
0 70 0
235 70 29
5 70 0
235 44 44
0 59 57
0 70 41
5 44 0
0 59 0
0 70 0
235 35 51
0 70 32
0 81 43
5 35 0
0 70 0
0 81 0
235 37 105
0 46 41
0 59 71
0 70 41
5 37 0
0 46 0
0 59 0
0 70 0
235 70 30
5 70 0
235 44 44
0 59 65
0 70 44
5 44 0
0 59 0
0 70 0
235 35 76
0 70 32
5 35 0
0 70 0
235 35 93
0 46 49
0 59 73
0 70 41
5 35 0
0 46 0
0 59 0
0 70 0
235 70 29
3 38 94
2 70 0
3 38 0
232 44 44
0 59 41
0 70 41
5 44 0
0 59 0
0 70 0
235 35 76
0 70 32
0 81 26
5 35 0
0 70 0
0 81 0
235 38 94
0 46 41
0 54 64
0 59 66
0 70 41
5 38 0
0 46 0
0 54 0
0 59 0
0 70 0
235 45 88
0 70 30
5 45 0
0 70 0
235 43 88
0 44 44
0 59 71
0 70 44
5 43 0
0 44 0
0 59 0
0 70 0
235 70 32
5 70 0
235 35 95
0 41 48
0 46 49
0 52 76
0 70 41
5 35 0
0 41 0
0 46 0
0 52 0
0 70 0
235 70 29
5 70 0
235 44 44
0 59 57
0 70 41
5 44 0
0 59 0
0 70 0
235 70 32
0 81 43
5 70 0
0 81 0
235 37 102
0 46 41
0 59 71
0 70 41
5 37 0
0 46 0
0 59 0
0 70 0
235 70 30
5 70 0
235 44 44
0 59 65
0 70 44
5 44 0
0 59 0
0 70 0
235 35 51
0 70 32
5 35 0
0 70 0
235 35 93
0 46 49
0 59 73
0 70 41
5 35 0
0 46 0
0 59 0
0 70 0
235 70 29
5 70 0
235 44 44
0 59 41
0 70 41
5 44 0
0 59 0
0 70 0
235 70 32
0 81 26
5 70 0
0 81 0
235 38 85
0 46 41
0 54 64
0 59 66
0 70 41
5 38 0
0 46 0
0 54 0
0 59 0
0 70 0
235 70 30
5 70 0
235 44 44
0 59 71
0 70 44
5 44 0
0 59 0
0 70 0
235 70 32
5 70 0
235 35 93
0 46 49
0 51 67
0 70 41
5 35 0
0 46 0
0 51 0
0 70 0
235 70 29
5 70 0
235 44 44
0 59 57
0 70 41
5 44 0
0 59 0
0 70 0
235 70 32
0 81 43
5 70 0
0 81 0
235 37 105
0 46 41
0 59 71
0 70 41
5 37 0
0 46 0
0 59 0
0 70 0
235 70 30
5 70 0
235 44 44
0 59 65
0 70 44
5 44 0
0 59 0
0 70 0
235 35 76
0 70 32
5 35 0
0 70 0
235 35 93
0 46 49
0 59 73
0 70 41
5 35 0
0 46 0
0 59 0
0 70 0
235 70 29
5 70 0
235 44 44
0 59 41
0 70 41
5 44 0
0 59 0
0 70 0
235 70 32
0 81 26
5 70 0
0 81 0
235 38 94
0 46 41
0 54 64
0 59 66
0 70 41
5 38 0
0 46 0
0 54 0
0 59 0
0 70 0
235 70 30
5 70 0
235 44 44
0 59 71
0 70 44
5 44 0
0 59 0
0 70 0
235 70 32
5 70 0
235 35 95
0 46 49
0 59 57
0 70 41
5 35 0
0 46 0
0 59 0
0 70 0
235 70 29
5 70 0
235 44 44
0 59 57
0 70 41
5 44 0
0 59 0
0 70 0
235 70 32
0 81 43
5 70 0
0 81 0
235 37 102
0 46 41
0 59 71
0 70 41
5 37 0
0 46 0
0 59 0
0 70 0
235 70 30
5 70 0
235 44 44
0 59 65
0 70 44
5 44 0
0 59 0
0 70 0
235 35 76
0 70 32
5 35 0
0 70 0
235 35 93
0 46 49
0 59 73
0 70 41
5 35 0
0 46 0
0 59 0
0 70 0
235 70 29
5 70 0
235 44 44
0 59 41
0 70 41
5 44 0
0 59 0
0 70 0
235 70 32
0 81 26
5 70 0
0 81 0
235 38 85
0 46 41
0 54 64
0 59 66
0 70 41
5 38 0
0 46 0
0 54 0
0 59 0
0 70 0
235 70 30
5 70 0
235 44 44
0 59 71
0 70 44
5 44 0
0 59 0
0 70 0
235 70 32
5 70 0
235 35 93
0 46 49
0 59 57
0 70 41
5 35 0
0 46 0
0 59 0
0 70 0
235 70 29
5 70 0
235 44 44
0 59 57
0 70 41
5 44 0
0 59 0
0 70 0
235 70 32
0 81 43
5 70 0
0 81 0
235 37 105
0 46 41
0 59 71
0 70 41
5 37 0
0 46 0
0 59 0
0 70 0
235 70 30
5 70 0
235 44 44
0 59 65
0 70 44
5 44 0
0 59 0
0 70 0
235 35 76
0 70 32
5 35 0
0 70 0
235 35 93
0 46 49
0 59 73
0 70 41
5 35 0
0 46 0
0 59 0
0 70 0
235 70 29
5 70 0
235 44 44
0 59 41
0 70 41
5 44 0
0 59 0
0 70 0
235 70 32
0 81 26
1 38 94
4 70 0
0 81 0
1 38 0
234 38 94
0 46 41
0 54 64
0 59 66
0 70 41
5 38 0
0 46 0
0 54 0
0 59 0
0 70 0
235 45 51
0 70 30
5 45 0
0 70 0
115 43 81
5 43 0
115 41 69
0 44 44
0 59 71
0 70 44
5 41 0
0 44 0
0 59 0
0 70 0
235 70 32
5 70 0
235 35 95
0 46 49
0 49 76
0 70 41
5 35 0
0 46 0
0 49 0
0 70 0
235 70 29
5 70 0
235 44 44
0 59 57
0 70 41
5 44 0
0 59 0
0 70 0
235 70 32
0 81 43
5 70 0
0 81 0
235 37 102
0 46 41
0 59 71
0 70 41
5 37 0
0 46 0
0 59 0
0 70 0
235 70 30
5 70 0
235 44 44
0 59 65
0 70 44
5 44 0
0 59 0
0 70 0
235 35 51
0 70 32
5 35 0
0 70 0
235 35 93
0 46 49
0 59 73
0 70 41
5 35 0
0 46 0
0 59 0
0 70 0
235 70 29
5 70 0
235 44 44
0 59 41
0 70 41
5 44 0
0 59 0
0 70 0
235 70 32
0 81 26
5 70 0
0 81 0
235 38 85
0 46 41
0 54 64
0 59 66
0 70 41
5 38 0
0 46 0
0 54 0
0 59 0
0 70 0
235 70 30
5 70 0
235 44 44
0 59 71
0 70 44
5 44 0
0 59 0
0 70 0
235 70 32
5 70 0
235 35 93
0 46 49
0 51 67
0 70 41
5 35 0
0 46 0
0 51 0
0 70 0
235 70 29
5 70 0
235 44 44
0 59 57
0 70 41
5 44 0
0 59 0
0 70 0
235 70 32
0 81 43
5 70 0
0 81 0
235 37 105
0 46 41
0 59 71
0 70 41
5 37 0
0 46 0
0 59 0
0 70 0
235 70 30
5 70 0
235 44 44
0 59 65
0 70 44
5 44 0
0 59 0
0 70 0
235 35 76
0 70 32
5 35 0
0 70 0
235 35 93
0 46 49
0 59 73
0 70 41
5 35 0
0 46 0
0 59 0
0 70 0
235 70 29
5 70 0
235 44 44
0 59 41
0 70 41
5 44 0
0 59 0
0 70 0
235 70 32
0 81 26
5 70 0
0 81 0
235 38 94
0 46 41
0 54 64
0 59 66
0 70 41
5 38 0
0 46 0
0 54 0
0 59 0
0 70 0
235 70 30
5 70 0
235 44 44
0 59 71
0 70 44
5 44 0
0 59 0
0 70 0
235 70 32
5 70 0
235 35 95
0 46 49
0 59 57
0 70 41
5 35 0
0 46 0
0 59 0
0 70 0
235 70 29
5 70 0
235 44 44
0 59 57
0 70 41
5 44 0
0 59 0
0 70 0
235 70 32
0 81 43
5 70 0
0 81 0
235 37 102
0 46 41
0 59 71
0 70 41
5 37 0
0 46 0
0 59 0
0 70 0
235 70 30
5 70 0
235 44 44
0 59 65
0 70 44
5 44 0
0 59 0
0 70 0
235 35 76
0 70 32
5 35 0
0 70 0
235 35 93
0 46 49
0 59 73
0 70 41
5 35 0
0 46 0
0 59 0
0 70 0
235 70 29
5 70 0
235 44 44
0 59 41
0 70 41
5 44 0
0 59 0
0 70 0
235 70 32
0 81 26
5 70 0
0 81 0
235 38 85
0 46 41
0 54 64
0 59 66
0 70 41
5 38 0
0 46 0
0 54 0
0 59 0
0 70 0
235 70 30
5 70 0
235 44 44
0 59 71
0 70 44
5 44 0
0 59 0
0 70 0
235 70 32
5 70 0
235 35 93
0 46 49
0 59 57
0 70 41
5 35 0
0 46 0
0 59 0
0 70 0
235 70 29
5 70 0
235 44 44
0 59 57
0 70 41
5 44 0
0 59 0
0 70 0
235 70 32
0 81 43
5 70 0
0 81 0
235 37 105
0 46 41
0 59 71
0 70 41
5 37 0
0 46 0
0 59 0
0 70 0
235 70 30
5 70 0
235 44 44
0 59 65
0 70 44
5 44 0
0 59 0
0 70 0
235 35 76
0 70 32
5 35 0
0 70 0
235 35 93
0 46 49
0 59 73
0 70 41
5 35 0
0 46 0
0 59 0
0 70 0
235 70 29
5 70 0
235 44 44
0 59 41
0 70 41
5 44 0
0 59 0
0 70 0
235 70 32
0 81 26
5 70 0
0 81 0
235 38 94
0 46 41
0 54 64
0 59 66
0 70 41
5 38 0
0 46 0
0 54 0
0 59 0
0 70 0
235 43 51
0 70 30
5 43 0
0 70 0
235 43 81
0 44 44
0 59 71
0 70 44
5 43 0
0 44 0
0 59 0
0 70 0
235 70 32
5 70 0
235 70 41
5 70 0
235 70 29
5 70 0
235 70 41
0 81 43
5 70 0
0 81 0
235 70 32
0 81 43
5 70 0
0 81 0
235 70 41
5 70 0
235 70 30
5 70 0
235 70 44
5 70 0
235 70 32
5 70 0
235 70 41
5 70 0
235 70 29
5 70 0
235 70 41
5 70 0
235 70 32
5 70 0
235 54 64
0 70 41
5 54 0
0 70 0
235 70 30
5 70 0
235 70 44
5 70 0
235 70 32
5 70 0
235 70 41
5 70 0
235 70 29
0 81 43
5 70 0
0 81 0
235 70 41
0 81 43
5 70 0
0 81 0
235 70 32
5 70 0
235 70 41
0 81 43
5 70 0
0 81 0
235 70 30
0 81 43
5 70 0
0 81 0
235 70 44
5 70 0
235 70 32
5 70 0
235 70 41
5 70 0
235 70 29
5 70 0
235 70 41
5 70 0
235 70 32
5 70 0
235 54 64
0 70 41
5 54 0
0 70 0
235 70 30
5 70 0
235 70 44
5 70 0
235 70 32
5 70 0
235 70 41
5 70 0
235 70 29
0 81 43
5 70 0
0 81 0
235 70 41
0 81 43
5 70 0
0 81 0
235 70 32
5 70 0
235 44 71
0 70 41
0 81 43
5 44 0
0 70 0
0 81 0
235 70 30
0 81 43
5 70 0
0 81 0
235 70 44
5 70 0
235 70 32
5 70 0
235 70 41
5 70 0
235 70 29
5 70 0
235 70 41
5 70 0
235 70 32
5 70 0
235 54 64
0 70 41
5 54 0
0 70 0
235 70 30
5 70 0
235 70 44
5 70 0
235 70 32
5 70 0
235 70 41
5 70 0
235 70 29
0 81 43
5 70 0
0 81 0
235 70 41
0 81 43
5 70 0
0 81 0
235 70 32
0 81 43
5 70 0
0 81 0
235 44 71
0 70 41
5 44 0
0 70 0
235 70 30
0 81 43
5 70 0
0 81 0
235 70 44
0 81 43
5 70 0
0 81 0
235 70 32
5 70 0
233 38 94
2 70 41
3 38 0
2 70 0
235 35 93
0 47 71
0 70 29
5 35 0
0 47 0
0 70 0
235 70 41
5 70 0
235 35 93
0 45 71
0 70 32
5 35 0
0 45 0
0 70 0
235 35 93
0 45 71
0 54 64
0 70 41
5 35 0
0 45 0
0 54 0
0 70 0
235 38 59
0 43 71
0 70 30
5 38 0
0 43 0
0 70 0
75 43 71
5 43 0
4 38 42
5 38 0
55 38 40
5 38 0
6 43 71
5 43 0
75 41 81
0 70 44
5 38 88
0 41 0
0 70 0
5 38 0
230 70 32
5 70 0
235 35 95
0 46 49
0 57 76
0 70 41
5 35 0
0 46 0
0 57 0
0 70 0
235 70 29
5 70 0
235 44 44
0 59 57
0 70 41
5 44 0
0 59 0
0 70 0
235 35 64
0 70 32
0 81 43
5 35 0
0 70 0
0 81 0
233 38 82
2 46 41
0 59 71
0 70 41
3 38 0
2 46 0
0 59 0
0 70 0
235 70 30
5 70 0
235 44 44
0 59 65
0 70 44
5 44 0
0 59 0
0 70 0
235 35 66
0 70 32
5 35 0
0 70 0
235 35 95
0 46 49
0 59 73
0 70 41
5 35 0
0 46 0
0 59 0
0 70 0
235 70 29
5 70 0
235 44 44
0 59 41
0 70 41
5 44 0
0 59 0
0 70 0
235 35 64
0 70 32
0 81 26
5 35 0
0 70 0
0 81 0
235 38 82
0 46 41
0 54 64
0 59 66
0 70 41
5 38 0
0 46 0
0 54 0
0 59 0
0 70 0
235 70 30
5 70 0
235 44 44
0 59 71
0 70 44
5 44 0
0 59 0
0 70 0
235 35 66
0 70 32
5 35 0
0 70 0
235 35 95
0 46 49
0 51 67
0 70 41
5 35 0
0 46 0
0 51 0
0 70 0
235 70 29
5 70 0
235 44 44
0 59 57
0 70 41
5 44 0
0 59 0
0 70 0
235 35 64
0 70 32
0 81 43
5 35 0
0 70 0
0 81 0
233 38 82
2 46 41
0 59 71
0 70 41
3 38 0
2 46 0
0 59 0
0 70 0
235 70 30
5 70 0
235 44 44
0 59 65
0 70 44
5 44 0
0 59 0
0 70 0
235 35 66
0 70 32
5 35 0
0 70 0
235 35 95
0 46 49
0 59 73
0 70 41
5 35 0
0 46 0
0 59 0
0 70 0
235 70 29
5 70 0
235 44 44
0 59 41
0 70 41
5 44 0
0 59 0
0 70 0
235 35 64
0 70 32
0 81 26
5 35 0
0 70 0
0 81 0
235 38 82
0 46 41
0 54 64
0 59 66
0 70 41
5 38 0
0 46 0
0 54 0
0 59 0
0 70 0
235 70 30
5 70 0
235 44 44
0 59 71
0 70 44
5 44 0
0 59 0
0 70 0
235 35 66
0 70 32
5 35 0
0 70 0
235 35 95
0 46 49
0 59 57
0 70 41
5 35 0
0 46 0
0 59 0
0 70 0
235 70 29
5 70 0
235 44 44
0 59 57
0 70 41
5 44 0
0 59 0
0 70 0
235 35 64
0 70 32
0 81 43
5 35 0
0 70 0
0 81 0
233 38 82
2 46 41
0 59 71
0 70 41
3 38 0
2 46 0
0 59 0
0 70 0
235 70 30
5 70 0
235 44 44
0 59 65
0 70 44
5 44 0
0 59 0
0 70 0
235 35 66
0 70 32
5 35 0
0 70 0
235 35 95
0 46 49
0 59 73
0 70 41
5 35 0
0 46 0
0 59 0
0 70 0
235 70 29
5 70 0
235 44 44
0 59 41
0 70 41
5 44 0
0 59 0
0 70 0
235 35 64
0 70 32
0 81 26
5 35 0
0 70 0
0 81 0
235 38 82
0 46 41
0 54 64
0 59 66
0 70 41
5 38 0
0 46 0
0 54 0
0 59 0
0 70 0
235 70 30
5 70 0
235 44 44
0 59 71
0 70 44
5 44 0
0 59 0
0 70 0
235 35 66
0 70 32
5 35 0
0 70 0
235 35 95
0 46 49
0 59 57
0 70 41
5 35 0
0 46 0
0 59 0
0 70 0
235 70 29
5 70 0
235 44 44
0 59 57
0 70 41
5 44 0
0 59 0
0 70 0
235 35 64
0 70 32
0 81 43
5 35 0
0 70 0
0 81 0
233 38 82
2 46 41
0 59 71
0 70 41
3 38 0
2 46 0
0 59 0
0 70 0
235 70 30
5 70 0
235 44 44
0 59 65
0 70 44
5 44 0
0 59 0
0 70 0
235 35 71
0 70 32
5 35 0
0 70 0
235 35 95
0 46 49
0 59 73
0 70 41
5 35 0
0 46 0
0 59 0
0 70 0
235 70 29
3 38 91
2 70 0
3 38 0
5 45 73
5 45 0
222 44 44
0 59 41
0 70 41
5 44 0
0 59 0
0 70 0
235 35 78
0 41 51
0 70 32
0 81 26
5 35 0
0 41 0
0 70 0
0 81 0
235 38 82
0 45 73
0 46 41
0 54 64
0 59 66
0 70 41
5 38 0
0 45 0
0 46 0
0 54 0
0 59 0
0 70 0
235 45 81
0 70 30
5 45 0
0 70 0
115 43 68
5 43 0
115 43 81
0 44 44
0 59 71
0 70 44
5 43 0
0 44 0
0 59 0
0 70 0
235 35 66
0 41 78
0 70 32
5 35 0
0 41 0
0 70 0
235 35 95
0 46 49
0 57 76
0 70 41
5 35 0
0 46 0
0 57 0
0 70 0
235 70 29
5 70 0
235 44 44
0 59 57
0 70 41
5 44 0
0 59 0
0 70 0
235 35 64
0 70 32
0 81 43
5 35 0
0 70 0
0 81 0
233 38 82
2 46 41
0 59 71
0 70 41
3 38 0
2 46 0
0 59 0
0 70 0
235 70 30
5 70 0
235 44 44
0 59 65
0 70 44
5 44 0
0 59 0
0 70 0
235 35 66
0 70 32
5 35 0
0 70 0
235 35 95
0 46 49
0 59 73
0 70 41
5 35 0
0 46 0
0 59 0
0 70 0
235 70 29
5 70 0
235 44 44
0 59 41
0 70 41
5 44 0
0 59 0
0 70 0
235 35 64
0 70 32
0 81 26
5 35 0
0 70 0
0 81 0
235 38 82
0 46 41
0 54 64
0 59 66
0 70 41
5 38 0
0 46 0
0 54 0
0 59 0
0 70 0
235 70 30
5 70 0
235 44 44
0 59 71
0 70 44
5 44 0
0 59 0
0 70 0
235 35 66
0 70 32
5 35 0
0 70 0
235 35 95
0 46 49
0 51 67
0 70 41
5 35 0
0 46 0
0 51 0
0 70 0
235 70 29
5 70 0
235 44 44
0 59 57
0 70 41
5 44 0
0 59 0
0 70 0
235 35 64
0 70 32
0 81 43
5 35 0
0 70 0
0 81 0
233 38 82
2 46 41
0 59 71
0 70 41
3 38 0
2 46 0
0 59 0
0 70 0
235 70 30
5 70 0
235 44 44
0 59 65
0 70 44
5 44 0
0 59 0
0 70 0
235 35 66
0 70 32
5 35 0
0 70 0
235 35 95
0 46 49
0 59 73
0 70 41
5 35 0
0 46 0
0 59 0
0 70 0
235 70 29
5 70 0
235 44 44
0 59 41
0 70 41
5 44 0
0 59 0
0 70 0
235 35 64
0 70 32
0 81 26
5 35 0
0 70 0
0 81 0
235 38 82
0 46 41
0 54 64
0 59 66
0 70 41
5 38 0
0 46 0
0 54 0
0 59 0
0 70 0
235 70 30
5 70 0
235 44 44
0 59 71
0 70 44
5 44 0
0 59 0
0 70 0
235 35 66
0 70 32
5 35 0
0 70 0
235 35 95
0 46 49
0 59 57
0 70 41
5 35 0
0 46 0
0 59 0
0 70 0
235 70 29
5 70 0
235 44 44
0 59 57
0 70 41
5 44 0
0 59 0
0 70 0
235 35 64
0 70 32
0 81 43
5 35 0
0 70 0
0 81 0
233 38 82
2 46 41
0 59 71
0 70 41
3 38 0
2 46 0
0 59 0
0 70 0
235 70 30
5 70 0
235 44 44
0 59 65
0 70 44
5 44 0
0 59 0
0 70 0
235 35 66
0 70 32
5 35 0
0 70 0
235 35 95
0 46 49
0 59 73
0 70 41
5 35 0
0 46 0
0 59 0
0 70 0
235 70 29
5 70 0
235 44 44
0 59 41
0 70 41
5 44 0
0 59 0
0 70 0
235 35 64
0 70 32
0 81 26
5 35 0
0 70 0
0 81 0
235 38 82
0 46 41
0 54 64
0 59 66
0 70 41
5 38 0
0 46 0
0 54 0
0 59 0
0 70 0
235 70 30
5 70 0
235 44 44
0 59 71
0 70 44
5 44 0
0 59 0
0 70 0
235 35 66
0 70 32
5 35 0
0 70 0
235 35 95
0 46 49
0 59 57
0 70 41
5 35 0
0 46 0
0 59 0
0 70 0
235 70 29
5 70 0
235 44 44
0 59 57
0 70 41
5 44 0
0 59 0
0 70 0
235 35 64
0 70 32
0 81 43
5 35 0
0 70 0
0 81 0
233 38 82
2 46 41
0 59 71
0 70 41
3 38 0
2 46 0
0 59 0
0 70 0
235 70 30
5 70 0
235 44 44
0 59 65
0 70 44
5 44 0
0 59 0
0 70 0
235 35 71
0 70 32
5 35 0
0 70 0
235 35 95
0 46 49
0 59 73
0 70 41
5 35 0
0 46 0
0 59 0
0 70 0
235 70 29
5 70 0
235 44 44
0 59 41
0 70 41
5 44 0
0 59 0
0 70 0
235 35 78
0 70 32
0 81 26
5 35 0
0 70 0
0 81 0
235 38 82
0 46 41
0 54 64
0 59 66
0 70 41
5 38 0
0 46 0
0 54 0
0 59 0
0 70 0
235 70 30
5 70 0
235 43 81
0 44 44
0 59 71
0 70 44
5 43 0
0 44 0
0 59 0
0 70 0
235 70 32
5 70 0
235 70 41
5 70 0
235 70 29
5 70 0
235 70 41
0 81 43
5 70 0
0 81 0
235 70 32
0 81 43
5 70 0
0 81 0
235 70 41
5 70 0
235 70 30
5 70 0
235 70 44
5 70 0
235 70 32
5 70 0
235 70 41
5 70 0
235 70 29
5 70 0
235 70 41
5 70 0
235 70 32
5 70 0
235 54 64
0 70 41
5 54 0
0 70 0
235 70 30
5 70 0
235 70 44
5 70 0
235 70 32
5 70 0
235 70 41
5 70 0
235 70 29
0 81 43
5 70 0
0 81 0
235 70 41
0 81 43
5 70 0
0 81 0
235 70 32
5 70 0
235 70 41
0 81 43
5 70 0
0 81 0
235 70 30
0 81 43
5 70 0
0 81 0
235 70 44
5 70 0
235 70 32
5 70 0
235 70 41
5 70 0
235 70 29
5 70 0
235 70 41
5 70 0
235 70 32
5 70 0
235 54 64
0 70 41
5 54 0
0 70 0
235 70 30
5 70 0
235 70 44
5 70 0
235 70 32
5 70 0
235 70 41
5 70 0
235 70 29
0 81 43
5 70 0
0 81 0
235 70 41
0 81 43
5 70 0
0 81 0
235 70 32
5 70 0
235 70 41
0 81 43
5 70 0
0 81 0
235 70 30
0 81 43
5 70 0
0 81 0
235 70 44
5 70 0
235 70 32
5 70 0
235 70 41
5 70 0
235 70 29
5 70 0
235 70 41
5 70 0
235 70 32
5 70 0
235 54 64
0 70 41
5 54 0
0 70 0
235 70 30
5 70 0
235 70 44
5 70 0
235 70 32
5 70 0
235 70 41
5 70 0
235 70 29
5 70 0
235 70 35
0 81 25
5 70 0
0 81 0
235 70 35
0 81 25
5 70 0
0 81 0
235 70 27
5 70 0
235 70 23
5 70 0
235 70 18
5 70 0
235 70 18
5 70 0
